0,1,2,3,4,5
0,1703,181,2070,1505,2759
1,181,1312,506,642,1015
2,1650,2807,75,2916,1603
3,140,1650,2298,279,1297
4,1068,606,1889,738,2879
5,372,2029,1487,1913,69
6,276,734,1000,133,135
7,2383,1326,126,771,1462
8,14,22,258,2540,405
9,1560,1362,984,687,2490
10,2184,781,1313,2669,430
11,1646,53,2972,2208,185
12,890,243,1434,868,1305
13,2615,2681,530,678,2592
14,258,1084,8,22,2706
15,2612,487,2254,2843,179
16,851,2409,2914,1947,1480
17,1878,1717,2907,713,2462
18,279,2082,1462,328,140
19,1012,41,1317,1616,183
20,179,300,2792,2833,1645
21,506,15,2672,2612,2876
22,14,1646,8,1254,2540
23,300,781,1129,1294,1349
24,107,1052,717,2280,872
25,1180,2032,2751,2030,867
26,2075,1592,1052,1062,292
27,2007,911,956,2714,2552
28,1573,2025,2289,62,1167
29,661,185,920,435,2658
30,1492,2791,1757,469,2333
31,1616,506,989,1808,646
32,2773,2677,1590,2771,2248
33,194,2119,45,128,435
34,1412,1951,2573,1947,2300
35,352,414,2841,2515,561
36,688,1620,1377,2175,788
37,632,1216,2012,1929,1784
38,1941,650,1264,2332,806
39,98,2479,415,1113,1989
40,380,605,2914,1766,120
41,1702,1606,2592,653,2067
42,301,942,1810,1606,1702
43,714,2352,699,697,2082
44,135,1738,437,520,282
45,33,194,1324,2605,925
46,1564,1399,1057,2203,677
47,1670,1326,2129,132,543
48,2085,2381,2612,2257,1015
49,1240,2130,1237,1292,1616
50,1129,2174,2665,2168,1745
51,1472,438,2628,1603,2155
52,1425,1625,303,2284,1805
53,149,21,1480,11,1583
54,1194,804,1,2776,181
55,798,2174,473,1298,1462
56,1773,2407,1476,1685,2486
57,346,1099,1872,1243,378
58,928,329,579,761,1762
59,2646,2866,2121,1620,472
60,2754,1407,2337,1154,728
61,352,1747,894,1412,2311
62,2025,1191,245,2969,1200
63,666,1154,2802,112,338
64,2537,2418,2031,1981,1933
65,2982,1930,2303,2359,2469
66,2602,2134,2083,829,1016
67,2410,2998,855,2792,1352
68,2804,2525,2945,883,1930
69,117,1504,1582,1452,1989
70,239,225,1738,854,2655
71,100,2910,793,2822,1278
72,1281,1419,2298,811,1349
73,1669,2390,2401,1410,1807
74,1264,510,2665,2067,2675
75,2595,2327,2497,812,2655
76,147,1107,950,328,2767
77,2641,279,137,185,1244
78,275,2678,2696,435,274
79,1007,2620,694,2961,315
80,285,2324,1793,301,2546
81,1623,1603,1604,1774,328
82,2258,487,2697,433,1868
83,771,134,502,2854,2791
84,448,290,1777,2187,2711
85,2742,1626,2657,1842,2191
86,1915,2164,1923,1082,1543
87,2260,1294,337,1349,2720
88,2216,347,1401,1726,2161
89,2781,2082,2608,2067,2595
90,975,1693,199,923,2691
91,433,1868,2078,806,231
92,1001,749,1841,2120,2181
93,1294,2332,989,2120,529
94,981,1495,2152,2313,1380
95,1714,2344,2494,2547,975
96,370,2029,227,887,748
97,713,1497,825,1878,2494
98,1504,1113,384,415,2455
99,2199,1696,219,1303,1396
100,331,2307,71,1152,1868
101,1653,2740,2107,2685,1252
102,1779,107,2168,1386,991
103,944,2866,765,1279,311
104,1822,1056,2373,1367,747
105,2860,1085,2343,1782,578
106,589,1188,813,2575,2391
107,24,102,798,662,2184
108,1206,2754,1487,220,372
109,1307,1927,701,2915,2801
110,709,1978,2780,2581,225
111,879,69,1215,880,117
112,2245,1685,2450,338,1161
113,331,2078,2977,1387,2280
114,1784,632,2804,2465,1861
115,269,1638,288,131,1656
116,426,2527,245,1091,2038
117,69,2396,1464,1989,1918
118,2416,1220,2557,2571,426
119,613,1504,1113,1582,2426
120,417,2479,1995,1582,846
121,2583,1464,1582,2539,608
635,122,903,901,638,2766
123,2841,352,1901,414,799
124,2303,1173,2569,2025,426
125,2664,1609,1655,2599,2694
126,1655,2589,2129,7,1663
127,917,531,1461,135,133
128,435,288,33,661,2119
129,2494,1690,2547,2358,2433
130,2332,1869,1495,2655,812
131,1298,2791,1631,7,2641
132,2298,2105,976,285,2696
133,917,2599,2208,2089,649
134,2854,502,771,1941,1492
135,917,1646,437,44,133
136,689,2789,150,1124,1476
137,661,279,2641,185,77
138,2819,54,75,463,2175
139,718,669,2678,275,75
140,691,1129,3,50,279
141,1709,806,2185,1941,2140
142,1481,95,2691,1698,646
143,2191,2260,2494,2520,1775
144,2920,2158,1764,1129,2591
145,328,2656,1880,2854,2155
146,2198,2088,2341,1276,455
147,1439,2509,1801,76,991
148,2358,2940,1922,199,2483
149,2697,2953,1782,851,2502
150,1476,689,56,2486,1430
151,321,2658,2913,1266,2767
152,2926,2088,951,200,751
153,1363,2589,1326,1270,1196
154,2070,1792,1917,2979,2133
155,1868,1412,2280,851,331
156,907,1433,1188,2917,1598
157,1294,1237,2462,1264,800
158,160,1979,1628,2133,1917
159,1082,1659,2155,1958,2497
160,215,1917,1979,2133,2000
161,2516,1997,2455,509,585
162,843,1951,2300,1947,605
163,2789,2771,1853,2773,664
164,2395,2736,1072,1111,1874
165,1994,855,2853,2410,1617
166,2751,984,1959,2204,857
167,177,1688,2605,1291,2208
168,405,2561,2611,2029,2754
169,2033,309,639,2029,911
170,1136,2500,2487,1596,1881
171,240,169,1152,2845,1868
172,2709,2856,1219,805,1520
173,1755,115,2867,1695,2208
174,636,2917,339,2293,1231
175,1259,2311,61,352,1478
176,1658,1129,1645,430,2620
177,1649,2631,167,2356,1688
178,1950,2683,2191,129,2623
179,2792,2100,2752,707,962
180,239,306,70,225,1092
181,1703,2759,1549,2390,1745
182,1716,1564,2826,2248,560
183,2642,2207,2497,676,543
184,2462,2907,2332,1536,226
185,919,1646,691,661,137
186,1745,457,1462,2791,141
187,2325,986,547,929,2790
188,107,1684,102,2490,2158
189,2058,2402,445,1264,506
190,306,1092,239,1538,2979
191,242,2538,2208,2378,897
192,20,2706,2393,649,1319
193,794,1829,1119,1262,50
194,33,2119,925,2342,2208
195,480,1783,2065,1745,644
196,2312,1652,328,2378,50
197,964,2731,300,571,1260
198,1266,920,2073,661,2130
199,2092,209,1483,2324,2915
200,2054,2665,2661,300,2260
201,2852,811,1264,2608,938
202,2543,1628,401,2226,1952
203,1649,2649,2778,129,470
204,2092,2681,2615,199,2685
205,354,2198,1769,1632,981
206,2461,2893,2769,1447,446
207,7,771,1747,1478,1118
208,2720,2494,1497,941,2140
209,199,2142,2197,975,1497
210,2333,1326,1462,1226,2155
211,1223,2556,2458,1294,862
212,1000,1759,734,1374,133
213,2133,1263,873,1376,2670
214,2704,2113,1691,2443,692
215,1722,2194,160,1043,710
216,1158,1363,1765,1196,1326
217,1194,2873,1538,567,2401
218,2965,1263,779,1794,232
219,99,847,1396,813,106
220,2917,748,1164,1452,1504
221,767,1685,2407,1393,2428
222,1317,1388,2560,532,2281
223,446,2313,1071,2905,981
224,893,2715,458,246,463
225,313,709,1923,70,239
226,2907,2332,184,1294,1739
227,96,370,2266,1701,1161
228,1100,1287,1510,590,2036
229,1361,2956,991,1129,2268
230,1766,397,1383,2539,1997
231,2280,91,2792,1745,2859
232,292,93,1739,130,2739
233,351,1776,2381,2986,2120
234,2550,2039,247,1350,2023
235,1924,2206,281,2254,1371
236,2751,1068,844,801,1969
237,2316,2406,381,1876,1064
238,2193,1403,705,1181,1980
239,306,70,2151,1538,190
240,1421,2280,1071,1709,781
241,220,1155,1712,748,462
242,2023,2378,1927,191,1652
243,392,1080,852,880,9
244,253,2031,2418,2550,1981
245,1200,2034,426,2476,2804
246,179,1509,722,463,1660
247,360,610,1350,593,2550
248,407,1182,2170,373,1212
249,156,1433,1267,907,1648
250,2647,727,1319,135,2193
251,562,1766,2760,1383,1188
252,1645,1649,1755,2900,2867
253,244,2418,2026,1169,2014
254,1108,1593,1947,633,2409
255,591,2365,2809,601,2289
256,1186,604,411,2002,2022
257,1454,2650,863,1827,2445
258,14,137,2280,300,2540
259,207,969,2444,1356,2764
260,395,542,1164,2424,1648
261,761,113,2688,1215,1420
262,1149,1503,2188,1466,2415
263,1148,1161,1125,616,1334
264,2426,827,1989,1520,1582
265,1618,109,2624,929,1048
266,1617,1047,2792,300,781
267,980,2431,1792,789,2855
268,2516,1520,417,1464,2052
269,115,1637,1656,1638,2620
270,2795,271,2491,2356,947
271,194,270,1324,2208,2631
272,1255,281,2895,2245,335
273,731,2054,1264,1693,2995
274,2821,1767,1606,1272,479
275,2712,274,2592,2633,2701
276,6,531,127,288,734
277,1120,929,2185,1333,430
278,2117,2837,548,2546,2801
279,1244,691,1706,668,919
280,1650,2961,1246,445,2592
281,1128,2245,1924,112,2027
282,2669,1043,1092,919,1646
283,1062,1261,303,954,2349
284,1417,1714,2125,208,1264
285,1230,1483,132,80,2324
286,2668,658,1096,190,2164
287,1910,790,1251,2673,145
288,128,131,1461,276,2678
289,2927,2100,1549,2612,2950
290,84,1360,2064,75,431
291,1129,2620,1417,2594,653
292,2078,2332,806,2650,506
293,938,650,1709,999,2672
294,433,1045,2662,1843,2490
295,300,1658,1228,1349,929
296,50,140,1652,1711,1129
297,1313,130,2332,806,1421
298,2372,2239,2114,2317,1530
299,2085,2807,204,1114,1650
300,1647,781,731,1645,2665
301,1641,1233,1702,2706,23
302,2667,587,988,2067,2120
303,153,283,1655,126,1616
304,830,2417,468,1256,954
305,800,1497,2117,991,1349
306,190,1538,1036,1839,1145
307,1405,2848,164,2036,2732
308,759,1828,950,1489,73
309,585,1504,877,2408,878
310,395,1154,887,2754,333
311,461,730,2849,756,614
312,2790,989,2172,2655,1915
313,225,547,2592,1923,2706
314,417,2240,847,1383,397
315,301,1329,1641,1619,522
316,397,599,417,1860,1816
317,351,2497,1485,1469,1421
318,1364,478,381,1334,96
319,1920,2245,1463,560,2757
320,2409,2860,2953,868,2697
321,2523,2073,2195,2961,1244
322,1520,846,417,268,2240
323,2164,507,2226,568,812
324,534,984,2822,716,1560
325,721,2553,2773,2245,1685
326,483,1801,1086,1247,2165
327,1658,2785,1677,349,300
328,2894,2312,2509,279,691
329,1129,2894,328,761,1049
330,1129,23,2288,2833,1351
331,113,1868,2078,1531,894
332,2315,1505,402,430,929
333,361,1154,462,395,2424
334,1050,545,1252,1693,2720
335,1128,281,1399,2394,1924
336,1617,2792,918,707,2737
337,87,2158,143,2591,2260
338,1685,112,2245,666,1718
339,2374,2048,1267,2896,615
340,854,733,567,710,2497
341,976,1172,1386,1810,998
342,779,947,1353,2444,386
343,2276,2140,991,1294,800
344,2541,2251,1558,1065,2516
345,820,1726,144,1842,2433
346,2666,57,1243,1872,378
347,892,713,2423,2494,1874
348,1215,2343,1344,2935,420
349,1745,2332,300,2185,1015
350,781,300,2323,1745,1704
351,233,1841,1769,2381,532
352,61,231,894,35,815
353,197,2598,1087,1425,1112
354,981,1417,2198,2381,1761
355,1143,1430,464,1476,967
356,810,813,2575,106,599
357,399,630,618,1013,863
358,706,365,1685,2301,2766
359,1879,148,2231,1922,1741
360,247,1762,329,2556,2023
361,333,1541,1154,2917,1701
362,1769,1401,2046,1814,433
363,1047,1677,2274,179,1745
364,2215,126,1029,2769,1326
365,358,2301,666,706,2159
366,1592,1009,1868,2671,1097
367,184,2816,1510,2041,551
368,2222,1562,2303,2008,2959
369,1302,320,834,618,399
370,1178,2240,1452,846,96
371,2168,1024,1410,2876,2540
372,2754,1206,1648,2917,536
373,875,2170,407,248,2049
374,1113,1090,2018,1532,2304
375,2876,1412,1511,231,392
376,2487,1562,1948,1438,2804
377,1452,2408,1060,2455,2516
378,2666,462,2588,1243,346
379,1677,522,962,2927,1760
380,2914,894,1947,2343,2935
381,611,615,887,542,395
382,1304,191,2026,2538,2875
383,1299,235,1662,1399,2789
384,98,1995,2426,417,120
385,1520,322,268,1995,1712
386,1877,1190,2922,2522,130
387,37,2012,2525,1144,1848
388,1480,857,2953,1080,1344
389,55,999,2184,50,798
390,69,117,1274,875,2369
391,2525,2804,116,68,1563
392,878,1511,243,1935,375
393,1191,632,2574,1210,2012
394,1471,1344,1947,843,1951
395,333,2424,381,1206,887
396,1100,1880,1385,2155,977
397,1383,877,1766,230,316
398,2875,1110,1687,2538,2031
618,399,630,1137,626,416
400,605,793,2471,155,2505
401,202,459,1892,2014,1159
402,1976,1027,184,2462,1087
403,2775,1449,1443,164,2395
404,1720,1348,1453,786,2324
405,774,2716,2845,2855,2611
406,2014,187,2328,2133,2226
407,2156,1113,616,1752,875
408,1187,2550,234,2023,360
409,2293,1155,241,1507,39
410,179,2354,2718,1234,1162
411,1186,1929,604,256,2034
412,411,2906,1562,1142,1563
413,607,2535,1581,693,735
414,561,2841,35,2840,1823
415,1504,573,1989,98,619
1137,626,416,1170,399,630
417,1995,1060,2479,2240,1113
418,602,1551,1132,733,1263
419,1578,2531,16,2575,1534
420,1344,348,1480,399,630
421,1165,1064,2029,1904,639
422,2014,244,2550,2562,1979
423,2266,2477,1161,227,1600
424,242,2174,927,1695,2597
425,1985,1978,1687,871,1919
426,2527,2571,1562,2564,2303
427,2300,455,1412,859,815
428,2944,741,1649,1341,1286
429,920,1266,2073,661,43
430,1745,300,1618,989,2185
431,2014,947,2631,1720,2080
432,430,1758,1873,2707,964
433,2078,2949,91,781,2738
434,1317,665,2036,1349,102
435,661,128,676,29,137
436,2794,1339,2915,2920,1481
437,649,135,1646,258,41
438,2197,529,1801,2560,2943
439,2084,2140,2378,725,811
440,2618,1225,1297,831,131
441,1772,2806,2036,835,645
442,506,2130,2323,480,953
443,761,1297,950,743,328
444,1644,1758,1283,2185,872
445,189,2608,2402,2125,1246
446,529,1072,985,2302,567
447,1395,1523,1237,1675,1328
448,75,2726,1333,1704,929
449,2461,646,1447,2769,2791
450,102,2665,200,1607,1632
451,917,661,2607,929,2058
452,1494,2849,677,2154,1695
453,1807,2876,2146,1224,292
454,2993,702,806,1745,50
455,2341,1378,2430,146,1276
456,1765,1298,1363,153,1631
457,1620,1226,2620,1071,1631
458,1319,1745,1658,1063,964
459,2328,2014,401,431,1543
460,1258,2419,358,1685,2771
461,1738,183,2751,1190,2849
462,333,655,381,241,1299
463,1703,181,2784,642,1410
464,689,355,1476,2789,967
465,2257,189,688,2381,500
466,143,1419,665,2920,777
467,56,2535,2396,1970,735
468,1783,2425,818,1256,2597
469,2130,2073,2665,2305,1606
470,203,685,836,1290,2649
471,181,2234,2776,54,978
472,2625,1196,1363,1339,2589
473,798,55,2168,2110,2184
474,975,2341,1252,2302,2682
475,185,258,2782,2003,919
476,1662,747,577,1396,1685
477,448,75,84,977,2676
478,607,1402,1056,1020,1725
479,1706,2378,279,274,646
480,2669,1745,999,506,2332
481,1806,54,2519,463,1
482,996,1298,1829,55,2174
483,326,1428,1801,1129,1273
484,700,2995,2952,2054,2665
485,2260,2402,2158,1903,1294
486,647,2220,1008,2433,132
487,82,2254,15,2938,2697
488,1996,516,1001,2752,1031
489,2696,2605,2694,1609,743
490,433,300,2122,938,1760
491,1225,1029,2154,2062,2231
492,2649,2695,1368,1297,1282
493,1798,2456,407,1467,1016
494,2122,663,2332,1264,662
495,2624,2092,1292,2205,2781
496,757,564,2165,130,1421
497,2624,772,1783,2205,480
498,2876,1833,2519,1977,1047
499,281,2027,2419,1924,235
500,2381,2158,1903,485,144
501,544,1531,1864,2193,24
502,2333,1492,438,1326,1880
503,1601,761,2431,1703,567
504,2929,147,80,743,2231
505,50,2665,788,140,2332
506,2332,2323,1745,480,2130
507,1287,2873,215,323,687
508,2494,208,143,1714,2851
509,1452,1113,2408,98,2455
510,2829,1495,663,74,533
511,1445,324,1312,1329,2055
512,1806,1194,463,217,54
513,2323,1237,2332,964,987
514,664,2677,1369,338,2248
515,2876,1660,487,2095,2697
516,300,1675,1294,488,1647
517,1847,56,150,1430,1992
518,415,2479,2388,1582,1504
519,1880,759,2999,1489,1421
520,2595,2669,1738,2130,2146
521,1682,1916,1102,1880,1356
522,1329,1400,1417,1377,1129
523,1966,2413,1410,2927,87
524,1162,430,1054,1838,774
525,926,2323,2810,798,1431
526,677,2736,529,2905,1768
527,947,211,779,2678,977
528,506,2401,1745,2332,2042
529,1749,2197,2205,2905,438
530,2592,2615,2681,2063,204
531,239,2342,276,127,133
532,812,2332,2401,1023,351
533,2829,2720,2852,1944,1775
534,293,324,2822,2015,297
535,1134,574,567,2213,1045
536,553,1648,372,2917,2388
537,2365,2278,2193,1004,1315
538,1265,1497,1779,208,2297
539,1410,2390,1046,761,1049
540,1899,317,2891,2807,738
541,1689,210,1010,1492,2155
542,381,1648,586,1487,611
543,771,719,919,1729,185
544,1864,1047,918,2656,1839
545,1228,334,1645,1252,1386
546,154,822,2497,1729,1777
547,1603,2325,2592,929,2624
548,1966,2117,1294,2801,1022
549,2968,609,1912,1082,2514
550,2140,2993,1264,2368,662
551,2041,2462,184,1985,1783
552,2882,1009,1637,627,603
553,536,2917,1442,1648,2388
554,50,1820,2509,1792,23
555,75,438,2628,2036,436
556,2871,1172,2649,147,2740
557,365,589,1133,1407,2802
558,1428,2291,1710,2833,1801
559,2222,2945,2525,2982,1563
560,1924,1371,182,1920,2245
561,414,1823,2840,2355,799
562,251,2251,1811,2760,1406
563,112,63,2450,2301,2553
564,781,1294,1878,1111,1086
565,1643,1685,2419,365,2407
566,1606,2821,1708,2460,672
567,1749,2401,446,1554,725
568,130,2973,2332,2124,812
569,804,1703,2807,1653,2449
570,466,2920,1483,2915,777
571,1256,2824,2354,2175,293
572,2571,1930,2222,426,2933
573,415,2388,1712,1465,619
574,1134,2213,1841,725,2975
575,1393,1026,221,1970,2428
576,1764,1868,863,1977,1959
577,747,2802,336,2301,1396
578,1782,1405,2048,2254,281
579,58,928,2062,140,969
580,609,1247,2861,2928,2912
581,978,2655,1294,438,1778
582,1785,2449,130,297,1434
583,2409,1427,254,2553,1367
584,1014,799,35,414,2872
585,309,2516,2426,1504,2408
586,2376,748,2403,1648,96
587,302,988,891,2120,644
588,1599,1564,1514,325,2581
589,847,106,599,2802,813
590,1776,2331,1223,2993,242
591,2365,255,2457,2567,2809
592,2890,2591,1031,2046,2490
593,247,947,1999,342,253
594,2625,771,543,482,2791
595,1530,2372,2114,831,169
596,317,1517,1485,2133,1082
597,328,2979,1625,2767,1603
598,2783,224,2431,246,2363
599,847,2408,1060,1984,589
600,1319,1271,149,1864,746
601,338,1407,1154,565,1056
602,418,422,1978,2999,1385
603,1096,1538,1628,430,872
604,2022,1186,1848,1191,1562
605,2531,2914,1951,1947,802
606,2807,4,2999,540,2879
607,478,1402,1056,96,666
608,1582,1464,2539,1504,2516
609,2912,2861,2968,2858,2691
610,2551,1917,2014,2570,247
611,381,2248,664,2374,1541
612,2538,164,2378,995,1874
613,2251,2304,1065,621,1925
614,551,2363,2041,246,468
615,381,2374,1396,2895,878
616,875,1514,2895,2004,407
617,1324,1187,726,133,2208
618,399,630,1137,626,416
619,415,1504,1995,2516,98
620,2584,774,2946,1831,1509
621,1925,1204,1083,1065,39
622,1942,2310,1144,1948,2827
623,911,1868,309,380,2584
624,331,1540,113,2471,627
625,804,1764,2345,2769,2185
1137,626,416,1170,399,630
627,1628,2471,2031,253,244
628,2627,1587,1815,1586,1665
629,1181,2963,2336,727,1516
618,399,630,1137,626,416
631,981,2313,2078,891,1764
632,1784,1210,2043,37,114
633,1593,2009,1511,1108,1947
634,619,1504,1141,1582,1725
635,122,903,901,638,2766
636,1442,2609,2243,1285,2366
637,2477,1450,1579,1125,2266
635,122,903,901,638,2766
639,2033,98,2883,1165,1504
640,1154,1189,318,536,96
641,941,2851,2100,143,1775
642,1617,1495,1549,2927,2344
643,2678,929,2712,1656,275
644,75,302,989,812,587
645,441,1446,2855,490,2046
646,1616,1325,479,806,1877
647,1008,486,820,132,976
648,2074,189,2608,650,1616
649,2706,1246,279,2610,1745
650,38,300,1264,662,2332
651,2323,1711,328,485,2063
652,2081,2706,2592,649,279
653,684,291,41,274,2810
654,929,1638,2656,2610,2592
655,1685,2428,1466,462,706
656,2393,2994,989,2685,2332
657,800,2117,2591,2120,787
658,731,964,1873,1783,989
659,754,1347,1874,2950,1456
660,2260,2608,2591,1647,2140
661,137,185,29,279,2058
662,2078,981,1996,2752,2421
663,1495,2829,1775,1380,941
664,1773,2677,2771,1716,2789
665,1419,2260,1349,1456,72
666,2802,2301,63,112,1685
667,2381,2157,1894,700,688
668,279,1244,1676,691,137
669,1007,2105,275,1765,274
670,146,1850,754,2088,2292
671,2402,2344,2696,510,2663
672,445,1702,2054,1005,200
673,337,2087,1650,1658,1019
674,179,2783,1015,2392,2561
675,2655,1469,2145,89,812
676,919,649,2208,2089,279
677,1253,1768,526,2154,2769
678,2660,1351,2145,2175,176
679,2160,2616,931,2352,275
680,2438,1631,1326,210,47
681,976,2911,1019,743,1611
682,794,2433,2167,147,950
683,1693,1778,2801,209,772
684,1695,653,41,2055,1223
685,2402,2158,2675,2657,2665
686,874,1629,1009,603,1096
687,990,2194,2711,1287,1380
688,1760,465,667,522,1647
689,1476,2789,150,56,464
690,2305,1765,1326,2298,1462
691,919,279,140,1676,185
692,2077,2443,494,208,782
693,56,1476,2535,2407,967
694,2298,1604,1623,1606,1858
695,1334,1161,1685,2771,664
696,2720,2260,1264,1252,941
697,806,1841,2781,1903,1401
698,1330,2610,210,81,1492
699,697,43,75,780,2082
700,2683,2665,2995,1950,2675
701,2915,991,2943,938,2213
702,2560,2161,806,2042,1248
703,1369,182,2245,1599,2910
704,2200,1692,2275,941,494
705,972,2830,238,2659,1250
706,358,1685,2159,2766,112
707,1617,2927,1797,2672,179
708,1868,1514,91,1579,1932
709,2451,225,1145,1695,1738
710,215,1722,567,757,181
711,739,1850,152,670,2421
712,1715,2553,2581,844,2206
713,1497,1878,2494,347,208
714,43,2475,436,2082,75
715,430,2194,1380,1729,2197
716,2496,2531,1152,1851,1959
717,2280,300,1246,2185,650
718,684,2670,2849,2090,2628
719,543,2867,1915,2903,1656
720,2675,479,2781,74,2514
721,1258,325,460,2773,2771
722,1617,707,1235,2519,642
723,773,2357,2508,2207,743
724,782,2260,143,2657,2313
725,781,1554,529,1111,2852
726,741,2871,2637,2889,147
727,629,1181,250,1319,1315
728,1165,1285,2060,821,878
729,1495,2700,1775,800,1410
730,311,382,244,2849,418
731,300,273,1237,1647,1264
732,466,1419,777,1810,143
733,854,1777,2536,340,1385
734,652,1759,2208,133,1000
735,2248,1716,750,2407,1685
736,1001,749,488,92,1926
737,1309,1382,1551,2232,1391
738,2345,804,625,2185,2707
739,1810,1252,2720,2118,1264
740,1689,504,1043,2470,2796
741,1290,428,2358,2944,743
742,1254,2540,691,2894,2431
743,2231,1879,991,2358,1029
744,2769,1833,2305,2912,206
745,454,479,2993,1071,2090
746,2540,2413,258,2280,135
747,1685,706,666,2373,358
748,1155,2403,1452,2376,220
749,92,2181,2213,2869,1023
750,1685,2248,735,2771,2245
751,981,2078,2313,2332,1264
752,2858,1072,697,812,1841
753,2752,1996,2686,2669,1719
754,179,2752,1031,662,2094
755,2724,2936,753,2292,1831
756,1895,2912,1554,1805,2646
757,496,1703,1129,2759,2655
758,2928,2693,1589,987,2462
759,1421,1410,1792,2393,800
760,951,2491,1262,2167,2023
761,1047,2312,1049,328,2894
762,2398,1368,1823,1723,2872
763,1608,936,1687,1636,1009
764,585,2408,1452,1997,589
765,1363,2589,216,153,1326
766,2923,189,1401,2607,999
767,2428,1393,221,1685,338
768,1842,1927,2546,1388,2105
769,2860,808,2953,1782,842
770,2595,1469,1711,2165,1421
771,2854,1880,543,7,83
772,2205,2861,2344,2092,204
773,2185,2323,1880,1435,1650
774,2845,2611,1669,2974,179
775,187,1333,2652,1729,547
776,2408,1504,1812,1452,585
777,529,1781,466,985,2915
778,798,2184,473,2686,2813
779,2886,50,1880,90,2074
780,293,688,699,697,2082
781,2168,1047,300,2332,1745
782,2423,2890,1443,2494,143
783,2751,1923,2399,2434,2187
784,1498,1925,1204,621,2304
785,2829,1497,1072,2720,2675
786,446,985,1810,1012,1607
787,800,2288,2683,1428,1497
788,1049,1961,2894,999,140
789,2792,2140,855,564,430
790,820,2560,1326,2589,1462
791,733,239,225,1190,180
792,2793,1105,1391,2510,2463
793,1145,2780,71,306,1538
794,144,2168,1641,50,1419
795,908,2219,486,2889,2220
796,625,1071,2268,2399,2124
797,2425,796,1745,1729,2790
798,2669,55,480,2168,473
799,2841,561,414,584,35
800,1294,2120,2332,1421,305
801,1977,468,195,463,2819
802,605,155,1951,331,2471
803,1875,506,2657,1105,2781
804,1703,807,2390,2185,2381
805,2426,1997,1995,1989,1504
806,1841,2140,2078,2332,1264
807,804,697,806,351,1401
808,1851,2860,769,320,2953
809,687,2466,2902,857,9
810,1178,356,2405,599,1520
811,2140,991,1645,2168,1294
812,532,2655,1313,1023,2120
813,847,1811,106,2575,2539
814,131,1478,2872,1259,2791
815,2876,565,1215,1935,2977
816,2633,1292,2560,2092,529
817,1742,1769,2092,991,2915
818,468,2124,2095,354,1887
819,1235,2100,707,179,2612
820,790,1883,2313,2920,2216
821,1285,750,728,2609,2419
822,546,1575,2973,340,1722
823,2409,2410,565,365,2935
824,2095,774,515,2146,1062
825,1033,97,2691,1034,1879
826,1906,2462,804,1416,1469
827,1582,846,2426,1520,2516
828,529,510,2624,2861,2096
829,1467,2048,2083,1128,1696
830,2390,855,2845,463,2776
831,55,2643,999,1745,1297
832,1448,1485,709,2992,1687
833,2397,1831,2300,2576,2985
834,1533,369,2009,1405,852
835,2681,1247,1914,2858,772
836,2433,2191,2423,143,2851
837,2531,2103,2307,716,1152
838,2315,1888,1385,1414,2888
839,2945,2804,1470,2359,1861
840,2902,1533,1512,794,1541
841,2388,1122,1083,1790,415
842,1977,2953,1959,2254,1868
843,1597,1951,1487,1947,2409
844,2734,1856,455,1423,1012
845,368,2025,1191,2487,1562
846,1520,1995,827,1582,2516
847,599,589,813,2408,106
848,1823,1298,328,594,761
849,2401,2560,702,1253,687
850,97,713,1878,2353,1111
851,2502,155,16,2860,149
852,843,1215,9,1597,1108
853,2521,1948,2571,2527,1144
854,2070,181,215,733,1575
855,2390,2792,2845,1617,1549
856,438,701,2197,2943,529
857,618,630,399,388,1215
858,515,2021,2925,2716,2095
859,427,1259,922,1986,815
860,1594,2581,1599,2482,534
861,2220,836,1879,1842,2433
862,2378,211,439,479,1223
863,2650,2798,935,2421,662
864,2556,1628,2491,1139,242
865,1970,1809,1503,933,2407
866,189,999,2074,648,480
867,2032,1068,824,2518,26
868,320,2258,2326,1496,2697
869,1438,1948,1825,2532,2527
870,553,640,536,607,887
871,226,1669,1963,317,1807
872,2845,2974,430,2792,781
873,1571,2570,213,1574,2014
874,1794,2323,872,1096,2284
875,616,2578,407,1113,1016
876,1766,2251,1334,2721,2196
877,2479,1113,1995,1766,397
878,2760,1452,309,728,1165
879,1989,621,878,2760,39
880,1951,2446,911,2496,2409
881,585,309,1367,1579,616
882,1043,215,282,2119,1036
883,1200,2476,632,2037,1861
884,2487,1596,1591,2582,368
885,1216,1573,1200,1191,1789
886,2418,873,244,1637,864
887,1154,2293,1701,748,96
888,2043,1929,1216,1186,2574
889,619,2388,108,372,2516
890,753,515,1025,2938,191
891,981,2313,2683,178,1401
892,347,2683,1894,800,2257
893,2985,1509,2650,224,2561
894,380,1868,331,1947,2914
895,2652,2693,1634,929,913
896,1530,365,1913,1402,1986
897,242,2378,211,439,1494
898,1985,17,1717,850,2462
899,2266,1161,338,370,227
900,1860,2348,1582,1406,2516
635,122,903,901,638,2766
902,2573,2548,1947,1108,1412
635,122,903,901,638,2766
904,1573,2404,2982,1555,1174
905,1966,2094,522,1223,1329
906,2159,1161,1907,1367,63
907,156,1188,1433,1231,1756
908,2220,1034,2889,2023,713
909,1480,82,1511,1959,842
910,813,219,589,847,2721
911,1951,2409,1947,2496,1412
912,477,84,290,187,1633
913,1374,929,2185,1043,2652
914,2661,1702,1810,2728,2829
915,2605,2119,194,947,33
916,246,863,2704,1434,1691
917,1646,135,133,649,127
918,1549,336,1617,2100,989
919,691,185,279,2894,676
920,429,661,2073,1266,2961
921,2305,1620,1226,95,2302
922,650,1276,2593,2650,455
923,90,2691,1620,2302,1230
924,2142,2928,609,1384,2385
925,194,2119,531,33,128
926,2110,107,152,525,1719
927,1927,516,242,665,2378
928,2894,58,140,1049,1129
929,2592,2624,1745,2633,1246
930,1237,1923,990,2130,506
931,2183,275,677,1606,2064
932,279,668,1676,2618,2767
933,865,1970,2762,1581,1397
934,1129,1871,20,179,2100
935,2288,2332,1647,1380,806
936,1745,2185,1645,1692,2608
937,1747,186,207,2791,457
938,1264,2907,811,2720,2122
939,202,1571,1628,1461,1981
940,2486,689,56,2789,1476
941,1264,663,2260,2720,2829
942,301,1005,1702,2546,1272
943,481,600,463,1271,893
944,1655,131,2438,680,765
945,950,2711,1366,2767,597
946,221,767,235,1972,1393
947,1300,211,2014,2026,2208
948,1304,1829,1440,1755,682
949,2675,1850,143,1702,2260
950,140,691,328,1880,1421
951,2341,200,1386,2260,1810
952,1895,2319,1805,51,1891
953,349,2510,513,1015,130
954,1052,650,964,1838,2650
955,1428,2685,2072,2092,538
956,1851,254,2531,1152,1947
957,2683,2152,891,1903,2890
958,673,1762,1900,2902,360
959,2937,453,1807,2715,2759
960,1842,2995,2663,2092,921
961,995,1692,334,2720,1252
962,179,2280,2431,2413,20
963,1489,519,1366,1457,2286
964,513,300,2983,1647,731
965,2151,546,1484,306,547
966,190,1426,14,1052,597
967,1476,689,2789,1430,2771
968,672,2701,1699,2661,2160
969,2652,2624,1129,2210,2497
970,2345,2784,569,497,2879
971,1421,2332,513,2829,2943
972,705,1250,2595,2830,2099
973,301,545,2087,1439,741
974,988,1761,488,302,587
975,90,2546,1497,209,95
976,1879,132,2272,836,148
977,2965,448,2726,2676,2323
978,581,2277,642,1294,1380
979,2142,1774,1390,731,1699
980,1264,2120,2833,1647,1760
981,2313,2890,1495,1316,891
982,1385,2236,2958,2230,2250
983,2683,2254,891,981,532
984,2326,1560,1782,487,2254
985,2297,2302,2344,1072,1781
986,978,1729,2633,2655,1618
987,2323,806,1237,1941,513
988,2683,941,2067,2991,2288
989,2332,1380,93,430,1914
990,1380,1292,687,1428,1237
991,1779,811,305,208,800
992,2205,1237,1616,1292,1252
993,1447,1915,1637,719,1768
994,1732,1703,266,1617,642
995,1926,1640,961,1614,1692
996,482,1828,1788,950,543
997,992,2205,1237,1739,2909
998,1764,2216,788,1049,2894
999,1745,2669,480,1709,2184
1000,212,734,1759,6,2208
1001,92,2752,1926,1996,2072
1002,2237,187,2913,2615,84
1003,1681,2080,2629,2319,80
1004,863,1506,2845,2798,1868
1005,301,942,1612,1619,1649
1006,954,2236,1423,2118,1509
1007,2915,1272,2298,690,1765
1008,1296,647,1021,285,1723
1009,2031,430,1628,2084,258
1010,328,1880,2999,2062,1603
1011,1940,1805,1317,2849,222
1012,1252,430,1112,1768,19
1013,1240,1616,530,2130,1292
1014,352,61,2841,35,1259
1015,2058,349,2593,506,1647
1016,2895,1467,2293,1725,878
1017,1444,898,1978,1524,551
1018,2872,131,848,594,2367
1019,2093,1702,673,2086,2212
1020,1725,478,1467,2029,2376
1021,1158,1672,1335,1326,1765
1022,2238,529,2700,2829,1495
1023,800,812,438,532,1421
1024,2974,781,2792,2168,1617
1025,798,2561,2876,2168,473
1026,575,221,1970,1124,2407
1027,402,1976,631,2275,2078
1028,1297,2942,2630,790,1225
1029,144,2920,1326,788,1462
1030,2752,2168,2078,781,2288
1031,2792,662,2125,1647,179
1032,1272,1483,95,2679,1781
1033,825,2158,337,2358,2260
1034,2546,2324,1443,1714,713
1035,1253,1768,2302,2174,646
1036,1092,306,1538,1646,1145
1037,781,1745,2872,300,2168
1038,1319,179,2669,2413,2876
1039,2845,2966,2519,722,1703
1040,2951,2639,2745,1073,1067
1041,1582,1140,1504,1452,377
1042,2963,972,2336,1181,1403
1043,282,2711,1646,2873,691
1044,1129,2652,2759,2999,2364
1045,2949,433,2078,687,2738
1046,2643,2761,1049,2929,2167
1047,781,1617,266,1745,2168
1048,1801,2776,2681,2950,1022
1049,1129,1047,2894,761,788
1050,334,2900,2720,564,300
1051,2197,1645,1301,2168,2620
1052,24,798,954,717,650
1053,2196,2541,1383,397,2251
1054,1617,1410,2140,2926,1129
1055,2696,743,2905,2778,777
1056,1994,112,666,338,1396
1057,2048,1564,1128,2027,281
1058,2389,562,2774,2169,2721
1059,2745,2395,2732,1067,2639
1060,1452,417,2408,377,599
1061,2265,2823,1404,2901,329
1062,989,2974,1112,1914,93
1063,179,2650,1015,1807,292
1064,1654,1904,611,1701,1452
1065,1925,621,2541,1558,39
1066,2465,2933,2945,368,1948
1067,1922,2768,1483,2915,1059
1068,4,2449,1416,1653,2807
1069,2606,2986,48,351,317
1070,2041,2751,551,860,2581
1071,2381,2462,1781,1745,1742
1072,2829,1419,981,2494,1878
1073,1262,2745,2272,2174,1398
1074,281,1864,842,1188,2206
1075,2497,2462,2912,1699,1786
1076,2885,913,866,162,746
1077,947,1553,196,360,1652
1078,2481,836,2216,1424,1401
1079,1072,2829,2046,1419,208
1080,388,1855,1511,1480,2496
1081,296,2537,1223,659,1347
1082,1517,2263,2968,1484,2497
1083,621,1925,415,1989,39
1084,2354,2100,1617,2706,1235
1085,2860,2343,1500,2876,2576
1086,1645,2994,1421,2185,1469
1087,1915,402,513,2861,1941
1088,2196,46,272,335,2895
1089,2574,2303,2804,1789,1930
1090,509,417,374,1083,1532
1091,1591,1186,426,245,2043
1092,282,1036,190,306,919
1093,1170,1137,416,626,843
1094,790,2254,9,2876,293
1095,1467,1725,829,1020,1016
1096,872,513,2323,603,430
1097,1315,1516,238,2336,1181
1098,1310,1297,794,761,2381
1099,57,2588,1243,2666,346
1100,1190,228,1772,2958,1287
1101,559,2532,2827,1144,2511
1102,1620,500,1029,2383,457
1103,2251,2408,599,589,2760
1104,1448,1717,898,2968,551
1105,2681,1294,548,1022,803
1106,2057,1237,1235,1417,1248
1107,76,215,950,2568,2102
1108,1947,1951,1855,1480,2009
1109,2300,1412,16,1951,843
1110,2275,2538,1423,1614,1050
1111,1878,1749,2736,2331,725
1112,292,1062,2146,992,989
1113,2479,1464,877,98,1504
1114,1351,1621,1653,757,1807
1115,1994,524,112,1838,1367
1116,2511,2574,2016,1825,1562
1117,1812,1113,2484,2029,309
1118,2333,131,771,7,207
1119,1810,2378,129,1829,132
1120,2462,2185,2707,1469,1618
1121,1403,238,2193,1097,2032
1122,2534,841,1913,2388,636
1123,1218,1322,2895,2408,585
1124,1430,221,1375,1809,1476
1125,1579,1450,1367,1364,1994
1126,1154,2419,565,2953,2343
1127,1966,1521,97,792,1814
1128,335,2048,281,1396,2394
1129,329,1294,50,2594,1049
1130,1673,717,2189,1223,1423
1131,2777,775,1958,1945,2139
1132,1976,717,2462,2807,402
1133,2251,764,557,1103,1452
1134,574,535,2213,2975,529
1135,695,2754,887,96,370
1136,170,1201,2500,2487,2567
1137,626,416,1170,399,630
1138,2938,2258,1660,2650,292
1139,2556,1187,2208,864,2972
1140,2516,1860,1582,846,377
1141,309,2583,616,881,1486
1142,1948,2370,2503,2571,1562
1143,2771,664,750,1450,2248
1144,2370,2521,853,426,1789
1145,1538,306,239,709,1422
1146,1386,1047,1428,781,1703
1147,2562,2014,1169,422,1159
1148,2477,370,2240,1464,1218
1149,262,2491,1762,1146,503
1150,2511,2047,1144,2222,1948
1151,69,117,2388,2454,1135
1152,1868,1782,2519,2531,2876
1153,1215,61,843,1482,2371
1154,887,63,666,333,365
1155,748,2403,2293,241,586
1156,2409,1167,843,1951,251
1157,61,231,2084,2977,1283
1158,1462,216,1226,1326,690
1159,1574,2014,2562,2570,1991
1160,1471,1293,879,1153,2883
1161,112,695,2266,2159,338
1162,1319,2292,524,2611,1831
1163,2014,947,1999,1566,2551
1164,1206,2917,2754,220,2424
1165,2609,728,639,878,2243
1166,1722,503,761,2194,2871
1167,2043,1929,1216,1191,2574
1168,1624,2221,1510,2558,2512
1169,2014,253,1566,244,2562
1170,1137,626,416,399,618
1171,1404,347,2116,713,908
1172,811,1386,991,950,2231
1173,2500,1547,2303,2222,1890
1174,885,904,387,1929,2044
1175,1111,2708,1071,351,2857
1176,2532,2465,853,1144,1563
1177,2403,748,1155,2376,1231
1178,370,2240,1520,1060,1452
1179,2040,405,2537,1628,1544
1180,1556,2030,2268,1510,1132
1181,2963,629,2336,727,2193
1182,2170,1997,1475,407,1103
1183,1053,2196,2389,2774,2721
1184,878,879,1334,2760,1766
1185,1472,2635,2315,1543,546
1186,256,604,1091,2043,426
1187,1139,1652,1304,2556,360
1188,1396,1766,2391,106,1334
1189,1541,1154,156,333,2917
1190,1100,2891,1592,1414,239
1191,393,1216,2574,1573,1167
1192,1518,2280,629,2845,2576
1193,589,1766,2760,878,106
1194,54,217,2643,804,1049
1195,2457,1951,633,2030,583
1196,1363,2589,2305,690,216
1197,1654,1800,333,1701,1178
1198,2574,2969,1216,37,1191
1199,743,976,2330,1230,681
1200,2476,245,2465,2037,1191
1201,1136,170,2500,1429,2487
1202,1472,2319,1082,1818,1700
1203,2902,840,1533,2688,1580
1204,621,1083,1925,1498,784
1205,1896,2945,839,245,2303
1206,2754,2424,372,1164,2917
1207,2303,2959,1173,1890,2982
1208,1184,879,1475,1016,1103
1209,2589,1245,1655,938,811
1210,632,2012,2495,2043,1167
1211,2557,2571,1577,1438,2957
1212,616,875,374,2004,881
1213,352,880,894,633,2472
1214,114,1563,853,2034,2804
1215,348,1951,1900,1344,843
1216,2043,1191,1167,1929,37
1217,117,518,1989,2426,1464
1218,1322,847,1303,1123,314
1219,99,1218,813,2045,2405
1220,2571,2564,2527,853,426
1221,20,935,179,662,1644
1222,1109,2754,2671,2159,1673
1223,2378,1294,1237,1264,2993
1224,1782,2876,2845,1660,453
1225,491,2931,1029,1462,831
1226,1620,2305,1462,1158,1774
1227,700,2067,89,1268,2683
1228,2168,300,1607,1349,545
1229,2497,2912,2352,1380,1075
1230,1842,285,2358,923,2324
1231,1651,1299,1648,2789,1433
1232,2073,653,1266,1623,2961
1233,301,919,279,691,2706
1234,176,1084,2593,410,179
1235,1417,1106,1617,266,1047
1236,2435,1312,2449,2311,1745
1237,1739,1294,2096,1380,1647
1238,2649,1272,1439,1497,1710
1239,2914,2860,2967,2307,1085
1240,1658,1616,1645,2054,1228
1241,2872,543,2972,1283,1729
1242,1417,1647,2890,354,1878
1243,2666,346,2588,378,1872
1244,279,2706,1129,1641,2956
1245,1462,2168,2305,50,466
1246,1658,649,1623,2067,1645
1247,2197,2628,1801,2928,1086
1248,208,1072,178,2829,95
1249,1646,1940,215,2151,1036
1250,972,2283,2963,2336,1181
1251,81,1656,1603,2712,1266
1252,2720,2341,1810,1264,2852
1253,2560,1035,438,677,2905
1254,2706,691,919,742,2540
1255,272,324,1074,2588,2134
1256,1783,2435,2323,157,1923
1257,331,926,405,2258,231
1258,2789,2771,460,2677,664
1259,175,61,1478,186,1014
1260,1228,1629,137,2203,1043
1261,292,1616,2909,650,646
1262,1810,2341,1702,794,2260
1263,2965,213,1376,277,2726
1264,2720,2608,1944,2096,2260
1265,1775,538,941,143,2829
1266,2073,81,920,661,429
1267,339,2760,1231,156,1433
1268,2072,1331,532,2067,2332
1269,1736,1082,2319,1945,2793
1270,1363,1663,2589,153,1478
1271,962,1319,1745,1657,179
1272,1032,985,209,1702,2402
1273,1129,328,329,330,2767
1274,1986,2535,2069,565,750
1275,1380,749,2291,2711,226
1276,665,1779,1264,2200,38
1277,2720,1264,2829,2260,1778
1278,766,2015,2061,324,71
1279,2305,2438,765,1196,1620
1280,2649,743,2220,203,1879
1281,72,2158,1623,2952,2675
1282,1671,456,1366,2330,2942
1283,2084,1252,334,781,2833
1284,2898,1295,2629,667,1244
1285,821,728,1564,2248,182
1286,1360,75,1710,2271,1428
1287,1749,687,2497,2194,507
1288,47,1670,1891,2080,29
1289,1369,1800,2709,1375,1124
1290,1341,2911,741,2997,470
1291,2356,177,167,2631,2427
1292,731,1428,2092,2130,1380
1293,1902,1478,1102,2243,1014
1294,800,2829,1647,1237,2332
1295,1129,1641,1244,1677,2068
1296,2920,1631,690,1008,1462
1297,761,328,950,140,2894
1298,131,482,55,2625,1631
1299,1399,2789,2677,182,2773
1300,2681,2801,2915,438,1075
1301,2852,529,2096,1739,806
1302,2654,687,1724,82,369
1303,2450,2027,99,1396,1835
1304,2208,2174,1652,2089,1629
1305,2924,433,2256,2055,137
1306,990,1380,1428,1292,1360
1307,1497,2682,2720,1775,1022
1308,1301,2302,2682,2620,2154
1309,2136,1391,2232,1659,1524
1310,831,761,1297,240,217
1311,700,1400,816,2402,2175
1312,1047,781,642,1745,266
1313,1914,812,2669,430,731
1314,2896,339,1218,1598,397
1315,1181,629,727,2963,2336
1316,981,2313,2890,1632,1894
1317,1695,1810,2401,2460,434
1318,274,2615,2681,1721,1394
1319,458,1162,192,2660,179
1320,1879,1781,1462,1723,2649
1321,926,2107,525,2292,222
1322,1218,2199,2450,1696,1123
1323,143,2191,1878,337,2481
1324,2605,925,2356,271,617
1325,2082,1616,646,2092,697
1326,1462,1631,1765,2333,1363
1327,2509,2943,87,337,1349
1328,2829,2720,1944,2952,1875
1329,522,315,1071,1641,929
1330,2854,698,2323,999,2130
1331,2332,1268,2829,800,2752
1332,2738,2855,2977,1843,761
1333,448,2237,2133,2323,929
1334,695,1396,2450,2048,1685
1335,1670,743,1021,1765,1230
1336,1047,14,781,1312,1745
1337,2301,112,2450,1334,2078
1338,2066,130,2655,1358,2999
1339,690,2769,1326,2673,1462
1340,2201,2857,297,1313,1431
1341,1290,428,1649,2997,203
1342,709,225,930,84,239
1343,2084,2608,650,231,91
1344,1947,1215,2343,843,2914
1345,1270,1478,2924,2625,1971
1346,2380,2685,1871,90,204
1347,2950,1294,2594,2749,2927
1348,178,1252,2324,129,2358
1349,2665,665,1264,87,2260
1350,360,113,2782,2716,2537
1351,2807,330,1871,2611,2660
1352,707,2792,2612,179,2392
1353,2352,1774,210,2898,1284
1354,2161,1713,1620,95,2821
1355,95,1443,1497,1922,2679
1356,788,2791,2333,771,210
1357,140,1297,491,1489,3
1358,2066,1313,2769,130,2082
1359,1297,1671,1225,2695,1357
1360,75,1428,1286,1380,990
1361,811,2142,2058,2140,1604
1362,1560,1868,297,2782,2078
1363,2589,153,765,1196,1270
1364,1685,1396,1056,221,2159
1365,2679,1443,1355,2870,1922
1366,950,2036,2702,2589,2298
1367,112,2339,1579,1450,1056
1368,1879,1922,2398,2220,1355
1369,2826,664,1590,2245,112
1370,1053,2196,219,1140,356
1371,2773,560,1924,1590,32
1372,2648,43,293,2066,2225
1373,587,92,988,532,568
1374,913,1871,1254,2070,962
1375,1124,575,1754,1026,1970
1376,2315,2328,160,2194,2900
1377,522,2612,1417,1632,1235
1378,455,2734,2674,2341,1856
1379,1892,2,84,2916,1002
1380,663,1294,806,1237,1739
1381,1923,292,195,468,2968
1382,1309,2315,1551,606,1524
1383,397,1766,877,2541,98
1384,1941,2915,2141,2092,2829
1385,2164,2497,2999,812,1469
1386,2260,2665,1349,300,951
1387,2078,806,781,1380,2185
1388,2742,694,768,1606,690
1389,1976,1087,2864,402,2770
1390,979,731,1264,1237,1616
1391,1385,1818,1849,792,1309
1392,2665,2067,700,1944,2601
1393,2428,767,1970,221,575
1394,1774,694,1858,209,2592
1395,1613,806,663,1401,1692
1396,1685,2450,2048,1188,2245
1397,2762,1393,1124,2428,1815
1398,1850,1073,2341,2272,2674
1399,1299,1564,2773,750,2245
1400,2158,2675,522,1417,1647
1401,1424,2890,981,2313,1841
1402,478,1334,666,338,2802
1403,238,1042,1181,2441,1121
1404,1061,329,1601,713,1793
1405,2078,433,1420,2313,2046
1406,1766,2541,2760,1383,1860
1407,1154,666,589,220,63
1408,665,2395,164,1419,1059
1409,2161,97,1742,1158,1071
1410,1617,800,1294,2943,2390
1411,239,190,1738,854,70
1412,2300,1947,155,911,1951
1413,2200,1294,343,2462,2122
1414,2999,1385,1921,1469,1923
1415,2623,1926,1944,1380,806
1416,826,1132,2807,1998,1906
1417,1894,2927,2594,354,1495
1418,1218,2513,1219,1406,589
1419,665,1779,1072,2313,2260
1420,1405,2490,2046,433,592
1421,800,2332,2140,1294,2185
1422,1145,1738,1538,1963,453
1423,2118,1536,1237,1294,2276
1424,1401,2606,1841,1779,2962
1425,1447,2805,1877,49,646
1426,239,190,70,306,854
1427,2280,1868,2206,1128,2876
1428,787,2165,1769,800,1710
1429,2500,1896,1173,2527,116
1430,1476,1124,2486,56,967
1431,2184,532,513,2130,506
1432,2908,1305,2924,1909,449
1433,156,2917,1648,339,1231
1434,1660,2938,2254,292,863
1435,75,2194,1247,2711,1801
1436,2251,2304,613,2548,1239
1437,2684,2257,804,2390,1428
1438,1948,2527,869,1825,2571
1439,328,1086,147,1421,1129
1440,991,2295,743,687,811
1441,1662,820,998,221,383
1442,636,2609,2243,98,1504
1443,2494,1922,2423,1072,129
1444,1414,2958,2041,1772,1510
1445,82,235,2107,766,1312
1446,1783,1312,2782,231,195
1447,2934,2461,993,206,1425
1448,2968,1485,2907,1717,1474
1449,1073,403,1922,2871,1262
1450,112,2826,1685,1143,1367
1451,2720,2260,941,2122,2675
1452,2455,377,2408,1504,1060
1453,1554,1856,164,222,725
1454,257,2686,2236,2948,2650
1455,2855,1792,1111,2738,2444
1456,665,2829,2176,2260,1349
1457,1270,153,1298,2625,456
1458,2093,2321,2220,347,1034
1459,2206,534,2048,1924,615
1460,1834,2644,1063,2006,1044
1461,2208,1646,543,127,1940
1462,1326,2920,1765,2305,2383
1463,1920,1564,2048,1128,1514
1464,2240,1113,2516,1520,1582
1465,573,619,2388,415,2917
1466,2895,655,1685,706,1369
1467,1725,750,1020,1016,1696
1468,2311,1236,605,1234,1812
1469,1745,2707,2891,1086,1294
1470,2574,1789,2468,1930,2359
1471,360,1350,394,1762,2023
1472,2155,2523,2328,969,1543
1473,1113,1452,2304,1989,1504
1474,2907,226,1448,533,1717
1475,377,2516,1997,1452,2408
1476,689,150,1430,56,2486
1477,2509,2871,147,1801,2940
1478,1270,1663,7,2383,131
1479,2816,1969,1416,597,2524
1480,1855,1947,1593,1108,2914
1481,2197,438,1698,529,812
1482,843,1853,1215,2935,348
1483,199,1032,2915,2920,1922
1484,1517,1082,430,154,1618
1485,1448,317,2497,828,226
1486,1467,2553,1128,1564,1696
1487,2029,1913,2754,1206,1504
1488,2222,2532,1948,2303,1547
1489,1828,1880,328,950,1357
1490,2608,2757,2381,2394,1396
1491,207,1270,1478,2372,1530
1492,2769,502,1384,438,1988
1493,2515,1580,1823,48,2230
1494,1927,2378,1317,897,452
1495,2344,981,663,2332,2313
1496,1868,82,1782,984,1959
1497,305,208,2494,2117,1714
1498,784,1204,2304,1083,1925
1499,1334,1450,1299,1364,318
1500,67,2845,2576,2730,1868
1501,2355,2253,561,840,2688
1502,2016,2511,1488,1881,2222
1503,1809,221,2293,1937,56
1504,1995,1582,98,1452,1860
1505,2065,989,2776,2759,978
1506,2730,1004,292,2798,2845
1507,1766,1396,2048,397,2293
1508,530,13,275,2592,274
1509,2845,179,1518,1627,2078
1510,2730,1865,567,2462,1976
1511,1108,1947,633,2496,1855
1512,1823,2174,1297,1037,55
1513,950,2894,328,1439,2643
1514,1920,1685,2407,1992,338
1515,1562,2222,1948,368,2303
1516,2336,2963,629,463,1181
1517,1618,1082,1484,2624,1120
1518,662,2280,2332,179,300
1519,567,1923,2070,2435,2834
1520,2516,846,1464,268,2240
1521,2117,2927,1713,1495,1874
1522,1421,328,2185,761,2000
1523,516,1237,297,2200,447
1524,1978,856,2205,2155,195
1525,2359,1930,2945,2222,1896
1526,1300,2014,253,947,2681
1527,2370,114,1200,2465,1896
1528,162,894,331,1868,2284
1529,2535,878,1822,639,1452
1530,2114,595,831,896,473
1531,331,872,2078,292,181
1532,2304,1520,619,1083,509
1533,2860,840,2009,834,2343
1534,1986,339,333,361,2374
1535,1299,611,1231,1756,2609
1536,2118,2288,1264,208,184
1537,423,616,2535,2493,2266
1538,1145,306,1036,1646,217
1539,2594,2265,1677,1129,1894
1540,405,1628,624,2471,627
1541,333,1189,2424,361,611
1542,1387,91,894,1868,2552
1543,1472,2328,2263,2652,2999
1544,1179,1628,405,627,160
1545,1509,2946,2502,2985,410
1546,2570,873,610,1979,1571
1547,1173,1948,2222,1890,2008
1548,1622,1943,2363,1106,1732
1549,1617,2390,918,181,1703
1550,1034,2220,367,898,1943
1551,418,1309,602,1382,1978
1552,2910,71,2822,605,2103
1553,1077,2363,2319,342,386
1554,725,567,1111,1749,985
1555,1200,1066,2465,2008,853
1556,1180,1132,710,2845,503
1557,1164,1504,220,1947,1816
1558,2541,1065,2539,1083,2516
1559,1745,1421,2185,506,1469
1560,984,82,2601,1362,130
1561,2140,2983,2417,293,1421
1562,2527,426,2804,2222,2571
1563,1948,853,2564,2532,2222
1564,2245,2553,182,112,1399
1565,1660,2998,1782,2502,149
1566,1574,2014,1169,253,2562
1567,393,2034,2044,1861,1186
1568,1715,1128,2553,574,2206
1569,2494,1443,1714,508,2423
1570,158,1955,2020,418,2263
1571,873,1981,2342,2119,2014
1572,1982,1991,1566,2314,1574
1573,1191,2969,1167,1200,885
1574,1566,2014,1991,1159,873
1575,2759,1385,181,2164,854
1576,2267,2332,300,494,1390
1577,2571,1948,1220,2527,2557
1578,2502,1534,2409,16,2337
1579,1367,1450,1125,1020,881
1580,1823,2330,1297,359,1671
1581,56,1393,693,575,413
1582,1504,2516,2426,1860,1464
1583,320,2409,1924,2027,2419
1584,2583,309,99,585,881
1585,1420,2211,1350,1973,1405
1586,875,1520,264,373,846
1587,1665,2001,2156,35,1815
1588,2935,2409,410,2300,1951
1589,513,2530,1941,506,987
1590,2245,2773,1369,32,1564
1591,1934,426,1091,1200,2303
1592,26,2284,292,1052,2671
1593,633,1480,2009,1947,1108
1594,2581,2910,860,560,1599
1595,1465,1204,2409,2548,843
1596,170,1136,1200,839,2487
1597,843,1215,1900,852,815
1598,1188,2771,2896,2374,750
1599,1920,560,1564,325,1514
1600,2266,227,96,1161,423
1601,503,329,1129,2431,713
1602,2299,1841,1709,2268,1764
1603,81,2145,547,2323,328
1604,1623,2067,2735,1745,1606
1605,1711,1331,1129,2624,691
1606,2665,2402,1604,2130,1702
1607,1264,2608,1702,1228,200
1608,763,936,1138,954,1084
1609,132,131,923,125,1670
1610,195,1043,1738,453,1422
1611,129,2547,2191,143,545
1612,649,1005,1400,2706,942
1613,2995,2675,2657,1692,2829
1614,2078,662,806,300,433
1615,507,2384,990,2873,323
1616,2608,2592,992,31,2096
1617,2390,266,1047,1549,2927
1618,2624,430,2592,2983,731
1619,301,1005,315,2402,743
1620,1226,2305,95,2620,921
1621,1710,2669,1653,1428,1114
1622,2901,2143,1548,179,1235
1623,1604,2067,87,1246,1281
1624,759,535,567,2322,2236
1625,597,1805,1011,1738,2979
1626,2679,129,1272,914,836
1627,2078,179,2845,2332,2672
1628,2133,2031,627,1538,405
1629,2174,1829,2089,137,798
1630,2905,1631,2641,694,2745
1631,2438,1326,1655,1462,694
1632,981,1316,2608,2341,941
1633,477,507,912,982,323
1634,2458,929,1839,1647,1623
1635,2641,131,288,661,2678
1636,1808,2055,2451,1687,1695
1637,993,1915,2108,646,1009
1638,2080,47,115,2678,2664
1639,2624,675,929,2652,1650
1640,2140,2591,2608,663,806
1641,301,1129,1623,1244,2610
1642,276,435,939,2089,661
1643,2789,565,1334,1685,1056
1644,1739,300,2632,336,1237
1645,1658,300,1086,811,2332
1646,185,917,649,1254,919
1647,1684,300,1294,1264,2158
1648,2917,372,536,586,1433
1649,1005,1704,2944,203,2801
1650,1658,1246,2185,2610,929
1651,1231,2895,615,32,1258
1652,2378,50,242,2556,2023
1653,2863,2402,1428,2685,2185
1654,1904,370,887,227,2293
1655,1631,126,2438,1326,1663
1656,2712,1251,547,929,719
1657,181,1745,1351,1271,50
1658,1645,1246,300,2185,2501
1659,1082,2497,2315,1915,159
1660,2254,2078,1782,2876,1224
1661,747,1393,1662,2407,1685
1662,476,747,221,2159,1685
1663,1270,1655,1363,126,1326
1664,1431,719,145,2866,1425
1665,407,1587,2001,735,1712
1666,2685,1254,1246,1706,2058
1667,1871,2509,2999,2210,2380
1668,1915,1628,2887,2759,1979
1669,2974,1807,2845,179,2254
1670,1335,47,132,1326,1938
1671,1297,1225,328,1359,491
1672,1021,1363,690,1663,1196
1673,2280,2074,717,2817,2731
1674,994,738,757,463,1703
1675,1875,2952,516,1451,2122
1676,691,140,668,279,137
1677,1129,1539,2413,1760,2594
1678,1970,56,1430,1476,1124
1679,1400,1647,2067,1894,1761
1680,710,1792,854,989,154
1681,2712,1003,1670,1230,2105
1682,1916,831,521,788,55
1683,2984,1464,415,1712,2259
1684,1647,2158,2665,2675,1264
1685,338,2407,112,2245,1396
1686,2383,1462,7,2231,502
1687,2462,1749,567,184,1505
1688,1360,2605,2653,930,990
1689,2560,1492,2595,2333,2899
1690,981,2494,143,2890,2313
1691,2855,2078,433,2023,2421
1692,2260,663,1264,1944,2720
1693,2691,273,90,2928,1768
1694,872,2974,2938,1024,2611
1695,684,1317,2451,2378,938
1696,2199,99,1128,2394,1766
1697,1009,2031,844,686,2340
1698,1481,2912,90,2899,75
1699,2861,812,1075,1380,701
1700,2352,1772,2912,2367,2858
1701,1904,887,2293,227,1154
1702,2546,2260,2067,1607,1810
1703,181,2390,1549,1047,1617
1704,1645,2323,545,1658,2811
1705,137,1084,668,1254,1676
1706,479,279,2058,1623,2706
1707,1396,2409,2754,563,2159
1708,2628,438,2197,2560,2891
1709,141,999,1745,650,2280
1710,1428,2064,1292,2194,1246
1711,2257,2685,1292,1129,1246
1712,2455,415,98,1995,1452
1713,2772,1521,1417,2344,2623
1714,2494,95,1497,508,208
1715,1568,2553,1924,2254,1977
1716,664,2826,735,2248,182
1717,2907,985,2852,17,1111
1718,338,2634,1685,750,1161
1719,1294,781,2792,50,300
1720,431,177,2631,1287,1649
1721,2116,2691,1272,2858,2898
1722,2194,761,215,1287,1792
1723,1320,2143,2764,1781,285
1724,2313,2601,2890,1401,200
1725,1020,1467,478,2705,2583
1726,2257,144,2056,88,2313
1727,1915,323,1229,2108,2106
1728,2670,977,406,2668,1036
1729,2652,2194,691,2655,675
1730,1761,1894,2216,1883,1400
1731,1380,990,1549,179,1869
1732,2230,1428,994,20,990
1733,1096,913,2652,2643,962
1734,305,1497,2871,1172,2494
1735,691,2655,2652,919,929
1736,2319,2345,1082,1818,2615
1737,2260,2423,981,2829,102
1738,2451,1145,520,709,195
1739,1237,1380,2332,806,663
1740,2686,354,2948,2752,2153
1741,2174,1497,508,148,975
1742,438,1749,1769,1781,2092
1743,2930,2055,858,1877,626
1744,1849,1963,1385,804,854
1745,2669,999,781,480,349
1746,2685,445,2115,2145,1623
1747,2174,473,55,1245,1111
1748,2493,2981,747,2266,2373
1749,529,1111,1769,1742,2205
1750,102,2952,2260,1281,1386
1751,2806,701,510,204,2514
1752,407,309,1467,616,2156
1753,2519,2876,2845,1804,336
1754,1375,1393,1970,1124,2428
1755,919,2867,1704,545,676
1756,156,1231,2896,907,1433
1757,1693,199,2912,2961,923
1758,432,2323,2070,2332,1120
1759,734,135,1000,133,917
1760,2122,2140,2608,2926,300
1761,1730,1417,354,1883,1647
1762,761,329,360,58,554
1763,2074,2857,1421,2866,2787
1764,2920,144,2268,981,1779
1765,1462,1326,690,216,2321
1766,230,877,397,1188,1383
1767,2821,274,2898,2621,2546
1768,529,1693,2691,2197,1253
1769,1495,2141,1428,1749,1742
1770,2867,1294,1237,1605,2323
1771,2139,185,2670,29,2119
1772,2858,2036,438,1742,1921
1773,664,2789,56,2407,2248
1774,1858,1903,1394,2092,2073
1775,2683,2720,663,2829,2991
1776,2999,233,50,2784,2444
1777,84,2323,1096,733,2536
1778,2829,2900,1294,1277,1944
1779,1419,102,991,941,208
1780,1811,2721,230,1766,1844
1781,985,1742,529,811,2736
1782,1224,2876,2078,1660,1868
1783,195,480,2332,2993,1312
1784,1861,632,114,2804,2465
1785,582,130,1653,1434,1405
1786,2385,1075,1693,2324,199
1787,846,810,417,268,1520
1788,1298,677,996,2791,482
1789,1144,1930,426,2521,2574
1790,636,1267,2259,1406,2388
1791,521,2239,797,2282,2311
1792,1421,761,1129,1294,2894
1793,691,1129,2622,329,279
1794,874,935,2236,1536,1673
1795,2302,2324,1483,1842,2358
1796,2723,2120,1878,1023,2993
1797,1617,707,2927,179,2853
1798,1016,1467,878,2634,1399
1799,1663,2763,2372,47,1298
1800,1701,1884,655,1364,1289
1801,438,2681,2165,800,2999
1802,179,2876,2792,855,2845
1803,2811,2171,1649,2944,448
1804,707,2927,2612,1797,2593
1805,2401,1880,567,1729,438
1806,512,215,2873,804,913
1807,1669,453,2974,2845,179
1808,2084,1237,806,2332,1838
1809,1124,1503,56,1430,2407
1810,2341,1349,1252,2302,1702
1811,813,2721,1780,1766,230
1812,776,1117,2408,1113,2240
1813,2910,335,2206,560,1128
1814,1421,1769,1841,1801,1401
1815,693,1397,464,2069,865
1816,2516,1383,1995,268,1504
1817,2448,2490,2786,1037,399
1818,1693,2345,1075,2912,1772
1819,1885,1466,1499,1651,1364
1820,2140,662,1264,2720,1779
1821,457,2920,1226,1492,2791
1822,1367,309,2535,565,1056
1823,2872,1037,328,1462,1652
1824,1265,665,538,1874,2260
1825,1438,1948,869,2571,2521
1826,2880,1885,767,2428,2719
1827,705,2963,1042,1181,1315
1828,1489,950,996,328,1745
1829,2174,482,781,2669,1629
1830,2478,1215,411,1951,888
1831,2611,2792,2974,2845,2985
1832,1385,1976,2986,2779,1389
1833,1196,2589,2769,2625,2269
1834,532,2332,130,812,953
1835,2450,1685,1396,666,1303
1836,1252,2341,208,1810,1714
1837,2239,2311,2282,1791,2372
1838,2084,300,430,1647,2561
1839,1745,349,2124,306,918
1840,1933,984,2938,2819,1362
1841,806,2120,981,1739,2213
1842,2324,2547,1230,2494,2742
1843,2662,164,2855,294,2738
1844,1780,1504,309,2348,877
1845,1243,378,2588,2666,346
1846,2078,2752,662,1996,981
1847,1476,1143,967,664,2771
1848,2804,2022,1191,2043,1562
1849,1385,804,75,2155,2497
1850,2341,1810,696,665,1252
1851,1959,2528,2953,956,1480
1852,2429,1895,51,1472,2155
1853,1188,2789,1643,415,2771
1854,52,1454,222,2349,1378
1855,1480,1108,1947,1511,1593
1856,725,164,1810,2462,739
1857,1430,940,383,967,2677
1858,2158,991,2140,2995,2857
1859,2618,2540,1254,919,932
1860,1504,1995,2516,1582,2539
1861,1784,2804,2034,2945,114
1862,1533,842,2009,1959,834
1863,1270,1363,216,1196,1663
1864,179,717,2953,2792,20
1865,1510,1505,1749,725,1921
1866,804,807,1194,2381,1437
1867,2739,1027,1275,2958,507
1868,91,2280,2078,2845,2584
1869,2608,130,781,1617,2096
1870,891,1316,732,1737,2198
1871,2380,1086,1129,934,2210
1872,1911,2666,346,2588,2971
1873,432,513,964,430,2323
1874,1072,2509,1824,800,538
1875,803,1675,2952,2900,2176
1876,2316,2534,1452,2376,611
1877,646,2461,2968,446,725
1878,1111,2120,1072,208,713
1879,2920,2231,991,2321,1779
1880,950,771,438,1421,2210
1881,2222,1948,2011,2982,2906
1882,164,2730,1421,1111,1749
1883,1761,981,2313,2257,354
1884,748,333,887,377,2293
1885,2048,655,1396,1128,1507
1886,2621,2594,1539,1417,1761
1887,94,804,2401,2381,812
1888,991,1880,771,1439,438
1889,678,13,4,530,953
1890,2827,1948,1562,1173,368
1891,1603,2064,2080,3,1650
1892,84,290,401,202,1379
1893,2269,2769,1481,1776,1880
1894,2683,1495,2890,1417,800
1895,2269,1772,2912,2155,2345
1896,2945,2465,2222,2303,1562
1897,1310,352,760,1935,1014
1898,1266,759,2670,658,277
1899,1772,540,2891,1346,1469
1900,1215,2782,1597,857,2938
1901,1533,834,1542,123,2840
1902,191,2640,2732,1293,242
1903,1264,2092,500,351,1841
1904,1701,2293,887,1654,1367
1905,991,1424,807,1384,1941
1906,826,2879,2807,569,229
1907,666,63,358,2301,706
1908,1938,1326,2791,2673,1765
1909,2646,1432,449,2269,1895
1910,287,831,145,2656,2137
1911,1267,1433,1872,1258,156
1912,2858,1075,2912,2861,2497
1913,1487,2029,372,2917,1648
1914,1313,2781,989,529,532
1915,2164,2155,2108,2497,86
1916,1682,950,831,788,491
1917,160,2133,1979,154,2040
1918,1989,879,1464,69,117
1919,1977,2354,1936,2716,1868
1920,1514,2048,560,1399,2245
1921,812,2462,800,1469,1294
1922,1443,2494,1483,148,466
1923,2399,1237,506,2323,513
1924,2206,2027,2245,560,281
1925,621,1083,1065,2541,2453
1926,2297,1001,2852,2623,208
1927,1248,1419,2378,768,2546
1928,227,1654,2293,887,1154
1929,1167,2043,2495,1191,632
1930,2222,1948,426,2469,2521
1931,2332,800,1801,935,2288
1932,1660,179,2078,2443,1352
1933,2938,475,2258,1446,1138
1934,2303,426,1591,1144,2222
1935,2876,2280,1660,1868,2078
1936,1868,2716,2845,2021,2730
1937,2428,1393,1970,767,575
1938,1908,2791,1339,2769,1326
1939,2465,1930,1948,114,1144
1940,2208,2849,1011,1461,22
1941,38,1384,806,938,987
1942,622,2303,2447,2222,1173
1943,129,2901,1034,2494,1723
1944,1264,2720,2829,2122,2260
1945,1082,138,2793,678,2807
1946,2551,1574,1566,401,873
1947,1951,1108,1480,2914,2548
1948,2532,1438,2527,2222,853
1949,2313,107,981,724,941
1950,178,700,2683,1690,891
1951,1947,2548,1108,2496,911
1952,2328,2543,2670,1628,1993
1953,534,984,1496,2822,1977
1954,1420,852,1405,1597,1350
1955,2543,1915,2263,2536,2226
1956,1705,2540,682,2144,641
1957,1543,2155,1915,2315,1659
1958,977,160,1333,1385,2328
1959,1851,842,1496,2496,2256
1960,2304,2018,2251,268,2516
1961,788,505,999,329,2854
1962,2524,1551,1985,546,1444
1963,1422,520,2873,453,1043
1964,2133,213,1917,187,1628
1965,2311,1833,1454,1345,1460
1966,548,523,1106,1874,2117
1967,918,2978,722,2084,463
1968,568,2257,1106,2950,2056
1969,2816,367,1068,2041,236
1970,1393,575,2407,56,221
1971,1663,2625,1270,1799,1478
1972,946,767,221,560,1970
1973,2211,1405,1420,2472,2688
1974,1009,405,2031,1628,874
1975,2493,1148,2535,1503,1748
1976,1132,2770,402,2462,1709
1977,2876,1868,842,2254,1427
1978,567,2462,1075,1749,564
1979,160,1917,2133,2550,158
1980,238,1181,1250,705,2830
1981,1571,244,873,1637,862
1982,1572,1991,1574,1999,1566
1983,2693,448,75,1522,2867
1984,599,1060,417,2408,2455
1985,898,2524,551,1082,17
1986,2419,565,750,1154,666
1987,1570,886,1546,2418,614
1988,1492,2648,2851,1409,2423
1989,2426,1504,415,1997,1995
1990,1948,853,2500,1934,2222
1991,1574,1566,1159,1982,873
1992,1514,514,1396,2374,2486
1993,1628,1952,1887,2111,2133
1994,1056,2981,112,2373,1367
1995,1504,417,2516,1860,2426
1996,2752,662,2948,1001,2276
1997,1989,2516,2484,1113,1464
1998,2032,2000,1416,1132,2357
1999,253,1163,593,1169,244
2000,430,1792,1561,1522,160
2001,2883,2156,2243,1798,1587
2002,1191,2495,2012,2969,2574
2003,475,862,2382,258,2144
2004,616,1514,1141,881,1579
2005,1511,911,1951,1433,2007
2006,1044,2999,2444,1114,1653
2007,1108,633,2009,1511,1593
2008,2465,368,1948,2303,2222
2009,633,1108,1593,2914,2343
2010,1506,91,824,2584,1039
2011,1881,2222,2375,1930,1200
2012,1210,2525,37,2002,1216
2013,585,309,589,2408,1060
2014,1169,431,947,2562,1566
2015,534,766,1278,2206,2923
2016,572,1502,1930,2511,2222
2017,1450,1161,2159,2797,1143
2018,1520,1464,2516,1582,2304
2019,2527,2990,2503,118,2557
2020,1906,678,893,2458,1223
2021,1868,320,2258,2584,2716
2022,1848,2574,604,2043,1191
2023,242,2378,1878,2363,1111
2024,1601,713,2023,2431,592
2025,1191,1200,1789,1144,2035
2026,2208,947,253,2556,242
2027,1924,2245,338,281,2048
2028,441,1278,1589,2806,2530
2029,1487,96,1913,1206,2754
2030,1132,1510,1976,1180,2162
2031,244,1628,1009,627,2537
2032,1998,1132,1510,1976,710
2033,639,1504,98,309,878
2034,1861,245,2804,2945,632
2035,2025,2582,2555,2827,1562
2036,1421,438,1772,2509,164
2037,1200,2476,1784,245,883
2038,2025,116,1929,1191,1186
2039,234,1350,2363,2919,2023
2040,1179,1917,405,1628,1979
2041,551,2751,246,1444,801
2042,1745,528,2058,2185,2669
2043,2574,1167,1216,1929,632
2044,2525,1527,393,2012,1216
2045,1590,2634,560,338,2553
2046,2993,2890,592,806,1405
2047,2521,1948,1930,2222,2571
2048,1128,1396,2159,338,1334
2049,2565,1083,1065,621,1989
2050,893,168,1628,2824,2537
2051,68,2804,1470,2022,2025
2052,1520,268,2516,417,1995
2053,300,1417,1607,1647,2608
2054,1264,200,273,663,2829
2055,1695,684,446,1808,2378
2056,178,2683,1106,1950,700
2057,1106,1129,1878,2759,1294
2058,189,2073,300,1361,2305
2059,953,432,1639,2108,1002
2060,728,1285,1165,821,636
2061,1278,956,1152,716,2252
2062,2560,328,140,1676,491
2063,1616,2592,506,530,2665
2064,1710,1650,1292,2560,90
2065,1505,195,989,2759,2776
2066,1358,2352,43,2769,2074
2067,2665,1264,2829,1623,2260
2068,176,1295,1760,1677,2594
2069,1274,1754,1815,467,1393
2070,154,1758,1745,181,1374
2071,2362,2950,1755,1615,1968
2072,1268,1001,781,2332,2669
2073,2058,1266,1774,1606,2592
2074,2608,2140,2787,648,2096
2075,292,2332,26,935,1112
2076,2748,1310,2972,1433,119
2077,692,208,508,2494,143
2078,662,433,981,806,2949
2079,129,2745,2778,2494,2302
2080,285,80,90,1891,1638
2081,652,1233,2610,2592,279
2082,2608,1264,89,2092,2601
2083,1467,829,2895,2048,1696
2084,1838,1283,781,1237,300
2085,204,48,2510,2685,1653
2086,1019,2093,1824,2433,1569
2087,2494,508,975,143,2546
2088,152,662,1264,2926,1647
2089,1629,2208,676,919,649
2090,2993,2378,2623,2046,2161
2091,2089,516,1704,2250,2340
2092,529,2344,199,2141,2205
2093,1019,2358,1458,1569,2220
2094,2926,2198,2927,754,152
2095,2845,2332,707,2078,179
2096,1264,2608,2852,1237,2720
2097,1887,2873,2950,2165,2401
2098,2740,1355,508,2640,2087
2099,1650,1871,678,972,2652
2100,2672,179,2612,2413,2926
2101,2117,2700,143,700,2621
2102,282,2668,1107,1043,1023
2103,2307,2757,1152,2914,2531
2104,1646,1319,543,2540,1043
2105,132,2742,768,1230,2696
2106,2912,2968,2155,1768,1915
2107,2401,1711,2810,1623,2402
2108,2164,2770,430,1237,2759
2109,2207,140,788,2777,2652
2110,781,2168,798,473,1719
2111,854,323,2873,1615,2819
2112,2329,2144,207,519,145
2113,2153,2561,550,2948,2686
2114,1530,831,2372,482,996
2115,1228,694,189,102,1606
2116,1721,1714,2483,2623,2546
2117,305,1072,1497,2594,1775
2118,1536,2720,1996,739,1294
2119,1646,185,2342,1254,691
2120,800,1841,2332,1878,1294
2121,90,923,2872,743,1609
2122,2675,1264,2720,1944,1760
2123,2898,2621,2380,2837,2851
2124,1839,1015,568,1312,918
2125,2608,1264,2591,1684,1647
2126,1659,2676,2315,977,2232
2127,872,1703,1976,1536,430
2128,2767,140,1129,788,328
2129,126,1326,1655,1663,2769
2130,506,1264,1292,1944,1606
2131,1607,1944,2665,2054,2063
2132,650,1451,717,2125,1760
2133,2328,1333,2325,929,691
2134,272,2083,66,1399,1016
2135,2210,1941,991,1905,2693
2136,1309,2976,1659,75,930
2137,500,1903,2185,1769,1421
2138,2301,706,358,2450,666
2139,2670,2590,185,1771,475
2140,2608,806,1640,941,811
2141,2092,1769,806,1841,529
2142,209,1361,991,2785,2140
2143,2640,2740,1714,2775,2871
2144,2845,2611,2332,2393,757
2145,1129,2210,89,1469,2707
2146,2669,446,292,781,567
2147,2194,1710,2393,691,1729
2148,2313,981,941,178,663
2149,2609,1285,821,636,2403
2150,1272,1702,72,87,1810
2151,239,2342,1043,306,854
2152,1428,532,2120,2327,1801
2153,1276,2113,1518,662,1850
2154,2197,529,2905,2560,1253
2155,1603,2497,1915,2912,1880
2156,417,585,407,1467,309
2157,95,2092,2344,1774,1226
2158,1684,2591,1647,2665,663
2159,706,1685,2048,1334,1161
2160,2592,694,1606,2183,2130
2161,2890,1401,2623,2423,1841
2162,2462,1687,1413,2275,2907
2163,934,2100,2381,2073,1745
2164,2108,2497,812,2655,1915
2165,1428,1801,1497,1294,800
2166,1058,2980,251,1095,2847
2167,545,301,1641,794,1386
2168,781,2260,2608,1264,811
2169,2935,1756,878,1383,1058
2170,1182,1065,2541,2251,1083
2171,2290,1639,448,1649,2616
2172,2658,2590,2913,2124,2652
2173,1380,2213,532,2601,1268
2174,1829,50,1629,55,2732
2175,1226,1377,445,2836,2130
2176,1875,1456,87,2810,200
2177,2608,1868,2949,806,2078
2178,1244,2956,929,2175,2592
2179,700,2092,2305,204,667
2180,285,2547,1879,2920,1842
2181,2669,749,2332,2869,2667
2182,2898,2629,667,2823,2068
2183,529,2197,2302,1768,2312
2184,2608,999,650,2490,300
2185,1745,2140,1421,1658,1086
2186,482,1788,1457,2281,996
2187,84,432,930,1873,2108
2188,1937,2428,1124,1754,946
2189,1237,1294,1875,731,1675
2190,432,691,2536,1657,181
2191,143,2604,2623,178,836
2192,1138,893,2800,2650,2561
2193,238,1181,717,727,705
2194,1729,2652,1253,1722,1428
2195,1605,321,1858,2628,979
2196,1053,2541,1383,1766,1188
2197,438,529,209,811,2857
2198,354,2094,146,152,2752
2199,1696,99,1322,2757,1303
2200,704,663,1647,1518,516
2201,2852,2720,1739,2141,1264
2202,1087,1915,2284,1381,1385
2203,677,1260,2867,350,1788
2204,1481,1880,2801,2740,1801
2205,529,2092,1749,2344,992
2206,1924,281,235,2245,2553
2207,2497,529,919,2154,2560
2208,1304,2089,676,1461,2026
2209,2217,26,332,2888,1484
2210,1129,2145,1801,2185,1086
2211,1973,1405,1500,1533,834
2212,208,2546,782,2494,2260
2213,1380,1841,2869,2829,1294
2214,1341,1290,1280,2997,428
2215,2905,1029,677,2736,1225
2216,2890,1761,347,88,782
2217,2652,430,989,2133,2660
2218,2845,1627,2095,463,1084
2219,1008,2695,647,486,129
2220,1879,2433,1034,2358,1368
2221,1192,1455,405,1792,2838
2222,2303,1948,1930,2571,1562
2223,1366,2871,2768,2509,164
2224,2752,179,1518,2078,662
2225,1695,225,2475,938,424
2226,323,2670,2328,2873,2536
2227,1399,2789,1258,338,1371
2228,2187,444,1633,982,930
2229,1309,1832,606,2687,1744
2230,1732,1428,1437,2684,1410
2231,1879,743,991,2383,1462
2232,2126,2992,1309,2958,1659
2233,80,1230,2546,1034,2324
2234,181,1703,710,471,1653
2235,1273,329,1601,2381,1428
2236,2118,1996,2276,2730,1423
2237,1333,929,2652,448,2323
2238,1775,1022,2140,1264,2096
2239,207,2372,2411,1682,2114
2240,1464,1452,370,417,1113
2241,655,358,887,899,2407
2242,1246,1658,1871,929,1469
2243,2609,639,636,1442,1165
2244,687,928,1437,443,831
2245,112,2450,338,1685,1590
2246,2963,2445,2336,1181,1516
2247,2299,806,2632,1941,2074
2248,735,2407,2771,1773,664
2249,2390,800,2927,1549,855
2250,1523,990,1944,2384,1380
2251,2541,1103,2539,1925,613
2252,2061,534,837,956,2307
2253,1541,2273,840,1467,611
2254,2078,2876,1660,1669,981
2255,1487,896,2029,2565,2561
2256,1305,1959,894,1868,331
2257,2381,892,1711,2927,804
2258,82,2697,487,2146,2859
2259,2984,1790,1683,877,1406
2260,2720,1264,143,663,941
2261,130,2655,757,1793,2194
2262,1367,1994,1579,2339,2553
2263,2807,1082,2759,2497,2707
2264,2702,759,1667,293,1366
2265,1539,2772,2594,1761,266
2266,1161,899,227,706,423
2267,2276,1944,1456,739,1576
2268,1764,1071,1709,2449,804
2269,1893,2912,2915,1895,2769
2270,2769,2269,2934,2383,2129
2271,2213,2829,1380,1286,1005
2272,1922,1779,1252,2358,1810
2273,2860,2876,1782,2977,515
2274,1677,962,363,1518,2413
2275,704,1692,2276,2744,2200
2276,343,2267,1996,662,2749
2277,446,978,2655,438,1111
2278,537,2365,1976,2127,2715
2279,1342,2875,2882,1411,225
2280,300,2792,2078,1745,781
2281,1810,777,732,2810,2036
2282,2372,1682,1118,1478,521
2283,2336,1250,2647,2963,1181
2284,292,2909,2323,935,2130
2285,339,251,2575,2374,813
2286,328,1788,950,996,145
2287,500,2851,2735,2381,2158
2288,2608,1775,2140,787,663
2289,1167,2022,1191,1929,2043
2290,2171,328,2194,1439,950
2291,1380,1617,2390,1549,781
2292,1162,146,10,2368,1319
2293,887,748,1701,1452,1904
2294,2352,2897,43,2803,2595
2295,2940,2857,806,725,2331
2296,618,399,630,2021,1137
2297,1926,2852,2720,985,2623
2298,72,694,140,132,1462
2299,2791,2690,806,991,2854
2300,1412,1109,851,843,16
2301,666,112,2450,358,706
2302,985,2324,1810,2745,529
2303,2222,426,2469,1948,1934
2304,1582,1473,1113,1532,2516
2305,1226,2995,2092,1264,1462
2306,808,1936,591,2567,1195
2307,2103,837,100,2206,534
2308,2321,1879,285,2956,88
2309,2628,1880,2197,2073,2769
2310,1438,2500,1948,1577,2571
2311,2146,61,482,1062,473
2312,328,761,438,23,2857
2313,981,2890,2494,1495,891
2314,1700,993,1202,2352,2613
2315,1376,2497,75,1385,2164
2316,1876,2789,735,381,2248
2317,831,543,1225,2942,996
2318,2923,766,2028,2806,2015
2319,2614,1736,2691,1472,2057
2320,1789,1825,2521,1515,1930
2321,1879,1765,2231,1462,2920
2322,2752,781,2390,1617,2291
2323,506,513,1745,987,1294
2324,2302,2870,199,1842,2358
2325,929,2592,2133,547,187
2326,984,1868,82,1560,1782
2327,812,75,2152,2141,2497
2328,2913,2133,2155,929,2658
2329,185,1839,919,1646,2656
2330,976,1879,2356,2618,726
2331,1111,2857,2295,725,713
2332,800,781,1294,1495,2669
2333,1326,210,502,2383,1029
2334,1801,75,1921,989,2164
2335,877,1113,1766,2479,1860
2336,2283,1181,1516,629,2963
2337,60,2754,363,1109,1154
2338,1134,574,2869,2048,1057
2339,1367,1994,1056,478,1579
2340,2867,49,2384,2267,334
2341,1252,1810,2708,2720,2260
2342,2208,2119,531,2151,676
2343,2860,2914,2009,380,1085
2344,1495,2092,95,985,2852
2345,2210,2886,2145,804,1801
2346,2837,1539,2057,1894,2594
2347,1934,114,1144,1930,1789
2348,1504,1995,2516,877,1113
2349,283,1877,2146,1554,2800
2350,483,1120,90,2194,1543
2351,2942,743,1172,2357,359
2352,43,2769,1229,2912,1325
2353,1903,1781,1879,337,2764
2354,1084,2672,2100,1617,336
2355,1501,561,35,414,1512
2356,177,1291,2631,947,1304
2357,2854,743,2207,2299,2231
2358,2494,148,129,2324,2547
2359,1930,2469,65,1789,1470
2360,2431,674,1319,2611,855
2361,585,1860,219,2408,417
2362,2071,1106,2863,2950,1347
2363,2023,1878,50,503,1111
2364,2915,2768,1796,1874,523
2365,537,591,2278,255,1929
2366,636,56,1165,1476,2609
2367,2787,2805,2769,2074,1880
2368,1264,2752,1617,2927,2926
2369,407,2177,2535,1476,750
2370,1144,1527,853,1784,2465
2371,911,1215,1951,309,1045
2372,1799,594,2114,996,7
2373,2981,1994,747,2766,1056
2374,2771,2159,2048,2677,1334
2375,2011,2222,1930,2982,1881
2376,2403,586,748,2029,1020
2377,473,2876,1001,662,798
2378,2993,1223,242,479,2556
2379,748,2048,1600,338,586
2380,1871,2807,2210,204,483
2381,1071,2257,1894,1047,500
2382,130,2855,2782,1223,2046
2383,1462,1686,2231,2791,1326
2384,2867,2875,2250,2693,529
2385,985,1786,2852,2295,1781
2386,2381,2100,1401,2836,1377
2387,267,1792,1111,2855,2563
2388,2917,415,573,1648,372
2389,1766,2575,1920,2048,1811
2390,1617,1549,855,1703,1410
2391,1188,106,813,2575,847
2392,1352,2792,179,1617,266
2393,2643,2390,181,1410,2194
2394,1128,1696,335,2048,2757
2395,164,2494,1072,1408,1497
2396,117,69,2407,467,747
2397,833,2283,2987,2647,2985
2398,1368,1879,836,2649,2220
2399,1923,2332,2185,430,513
2400,2447,2959,1825,1942,2500
2401,532,567,528,2332,1421
2402,2665,2494,1606,2313,981
2403,2376,748,586,1452,1648
2404,2370,1214,1176,1527,2525
2405,847,589,599,813,2575
2406,1452,2170,1475,377,599
2407,1685,56,1773,2248,664
2408,1452,377,2240,1060,1504
2409,2548,1947,1951,911,309
2410,2576,2792,2845,2737,67
2411,134,2764,502,83,2357
2412,1715,1568,1128,1856,2553
2413,2100,2669,1677,962,179
2414,1417,1713,1894,713,1878
2415,1450,2826,1367,2407,1364
2416,118,1220,2557,1577,2990
2417,1421,1709,2332,989,2140
2418,253,244,627,1179,2031
2419,1685,112,460,2245,358
2420,790,441,2155,526,1313
2421,662,2596,2078,2752,981
2422,488,1996,2752,1627,2254
2423,2494,1443,782,2890,347
2424,1206,395,333,1164,2917
2425,468,2399,2655,2669,812
2426,1989,1504,1582,1995,585
2427,2194,215,950,1172,448
2428,1393,767,1937,221,655
2429,1852,51,1603,1923,733
2430,455,2168,473,2125,1658
2431,1047,2838,2845,266,1617
2432,2447,170,1429,1136,2500
2433,129,836,1690,2220,2423
2434,2164,1385,1915,2284,2108
2435,2707,2185,2332,1658,781
2436,1507,2376,1876,748,586
2437,2088,2168,1054,1264,293
2438,1631,1655,1326,1620,457
2439,1701,1064,1904,1648,2917
2440,2682,2302,2183,2655,1253
2441,238,1403,705,2193,972
2442,2647,2659,2493,2283,2987
2443,662,2752,2078,494,1536
2444,1776,1792,2999,779,1880
2445,1506,1500,2246,2876,1565
2446,880,1853,1215,1780,879
2447,2500,1173,1547,1942,2400
2448,1817,630,618,399,2256
2449,1653,804,2268,130,2185
2450,2245,112,1835,1685,1396
2451,709,1695,1738,2780,239
2452,1541,333,1997,241,2248
2453,1925,2541,813,2539,2760
2454,899,63,370,1718,2266
2455,1452,2516,98,1504,1113
2456,608,2705,1020,1487,309
2457,1195,583,2409,2584,1977
2458,1719,1294,50,2168,211
2459,2009,633,1108,320,1851
2460,1317,2605,2433,1695,1253
2461,449,206,1877,1447,1757
2462,2907,2122,2993,1749,1921
2463,2759,2065,2815,2707,2057
2464,1200,559,2544,1144,2222
2465,2933,1939,1200,1896,2008
2466,687,1045,2662,2902,113
2467,538,38,2606,2423,817
2468,1789,1470,1563,2574,2043
2469,2303,1930,2982,2222,1948
2470,1738,1043,2042,1538,567
2471,2055,2354,605,567,1628
2472,857,369,1973,388,1215
2473,2855,2444,1776,389,2036
2474,190,2139,405,14,2670
2475,479,2891,2597,1266,938
2476,1200,2567,2037,245,2465
2477,2981,1148,1994,2266,1125
2478,851,2860,843,2343,1533
2479,877,1113,417,39,2516
2480,1844,2935,911,823,2583
2481,2890,1690,2161,1078,700
2482,1594,860,1552,1568,2747
2483,2995,2608,2546,975,2116
2484,1997,1113,98,1464,509
2485,761,1522,328,295,1146
2486,1476,56,221,2159,2407
2487,376,1200,2476,1591,368
2488,2008,368,2303,2959,376
2489,2710,2924,1486,1123,1057
2490,300,662,2140,2332,2738
2491,2556,1652,242,2174,211
2492,1948,853,1562,2521,1438
2493,1748,2981,2266,747,706
2494,129,2313,1714,143,508
2495,1929,2574,2043,1210,1191
2496,1951,1947,1511,716,911
2497,529,812,2681,2164,1075
2498,890,2734,1856,2349,1305
2499,2959,884,2447,368,1136
2500,1173,2222,2571,2465,1990
2501,1658,1604,72,1702,2608
2502,851,149,63,1565,1660
2503,853,2532,2527,1948,2571
2504,2490,662,488,2738,2576
2505,1350,1628,2716,2471,405
2506,1087,2868,1229,549,2958
2507,1258,2677,514,1231,1651
2508,229,1764,188,1424,208
2509,2871,438,328,1421,1801
2510,953,48,1711,75,2863
2511,2047,1116,2016,2222,2521
2512,1833,1062,1856,863,2236
2513,2048,1188,2971,1218,1885
2514,2928,2681,2861,2806,438
2515,1823,2640,1437,369,1580
2516,268,1520,1582,1464,1995
2517,1073,1040,2692,404,1453
2518,2855,1009,405,2084,1084
2519,1047,1617,707,2876,918
2520,143,1690,2191,2494,981
2521,853,1948,2047,1144,2571
2522,1190,733,386,873,549
2523,321,2155,1472,210,2333
2524,1985,1082,2319,2816,1104
2525,2012,632,559,68,2804
2526,340,854,1411,709,1963
2527,2571,1948,426,1562,1438
2528,1851,1959,842,633,2459
2529,1396,420,2575,2914,1164
2530,513,1589,1237,93,574
2531,1947,1593,2914,605,1951
2532,1948,2527,2222,853,2571
2533,1109,352,375,2311,162
2534,1487,1913,878,1122,2029
2535,747,1393,1685,1662,565
2536,2190,1777,733,854,432
2537,2716,155,331,2786,1179
2538,2378,995,191,612,439
2539,1504,1860,1464,1989,1582
2540,1254,258,649,1646,746
2541,2251,1053,1383,2196,1558
2542,2582,1562,1573,1091,2035
2543,202,1952,2536,2328,1955
2544,2464,1144,883,1438,1200
2545,1596,1990,170,2465,1200
2546,1702,2117,975,2675,1034
2547,2494,129,2358,95,1842
2548,1951,1947,2409,1108,2496
2549,1463,2741,2494,2046,1856
2550,244,1979,422,253,1917
2551,610,1946,244,873,2014
2552,2977,2273,331,1868,2860
2553,1564,2245,1128,325,1924
2554,2222,2571,1562,1930,1948
2555,1573,2035,885,2025,2969
2556,2378,2491,211,1652,242
2557,1577,2527,2571,1220,118
2558,1132,1524,1978,1976,2032
2559,2002,1191,2495,1848,2022
2560,438,1253,529,2062,2736
2561,1838,662,1719,1518,2792
2562,2014,1159,422,1566,1169
2563,2949,2738,433,2280,1868
2564,426,1220,2527,2571,853
2565,2049,621,1083,1997,1204
2566,819,2094,2594,2265,1539
2567,2476,2465,1200,114,1939
2568,1253,1300,2652,2194,1107
2569,1220,2564,1527,426,2370
2570,873,1917,160,610,1159
2571,2527,426,2222,1220,1577
2572,2140,935,806,1760,2723
2573,1947,1951,2548,2496,1412
2574,2043,1191,2495,1167,2022
2575,813,106,589,599,1811
2576,2410,2845,67,1500,2584
2577,875,1016,407,1141,1113
2578,875,2156,2984,616,1725
2579,878,2033,877,2409,1766
2580,124,2487,412,2303,393
2581,2910,1594,1599,2206,860
2582,2289,2542,426,1091,2035
2583,1334,309,1725,1402,585
2584,1868,2845,2716,2078,2576
2585,751,2313,2072,2859,981
2586,1184,589,1907,1600,2029
2587,2257,2381,1894,1883,1417
2588,272,339,1911,2048,1074
2589,1363,1196,153,765,1270
2590,2655,2961,279,691,1745
2591,2158,663,1647,143,1640
2592,2624,929,1618,2781,1616
2593,1647,179,707,1015,1417
2594,2117,1129,1417,2288,1539
2595,2067,89,75,1604,1428
2596,2494,2402,2421,1607,1690
2597,446,50,130,2655,2277
2598,1181,1315,1097,2283,2397
2599,133,676,2208,2089,531
2600,2194,2147,1428,2271,1360
2601,1495,981,806,2869,663
2602,66,790,820,1088,1299
2603,132,1252,2129,1607,1670
2604,2191,2623,129,2753,143
2605,2460,1688,1649,682,177
2606,1264,1424,2995,1779,2829
2607,649,300,1616,1745,258
2608,1264,2140,2096,2995,300
2609,1165,2243,636,1442,821
2610,279,649,1641,1623,1650
2611,2845,855,2974,1351,192
2612,2100,15,2927,2672,2926
2613,2712,275,2701,1693,1639
2614,2858,2691,2319,2629,1721
2615,204,2681,2592,530,75
2616,2171,275,2712,2701,2328
2617,1551,1309,2522,2232,549
2618,919,2174,140,279,137
2619,292,2284,746,1673,2193
2620,291,2140,1129,2624,2197
2621,2117,2546,2594,1767,291
2622,1793,1129,2621,1767,2823
2623,663,2829,2191,2297,1944
2624,2592,1618,495,929,529
2625,1298,2589,1663,153,1833
2626,56,664,1773,2486,221
2627,2762,1815,2069,1587,933
2628,1247,2197,438,1858,1708
2629,2898,1793,2691,2597,1721
2630,47,1029,543,126,661
2631,1649,177,2356,431,1720
2632,1644,991,2462,1237,2785
2633,929,2624,2652,529,2145
2634,1590,1718,338,1564,2553
2635,1543,1659,733,1082,159
2636,2305,506,999,2854,2096
2637,741,2911,2649,2795,1230
2638,1886,1417,2594,2675,1679
2639,1059,1483,2745,2547,1067
2640,2143,2732,2421,95,2331
2641,77,137,279,1244,1630
2642,183,435,676,137,543
2643,2393,1047,1049,1703,1410
2644,674,1673,1063,1062,1460
2645,1129,2886,2210,1106,2381
2646,2736,1035,1877,1111,2689
2647,250,2283,2336,1315,2397
2648,1988,1492,938,1372,2268
2649,1879,1280,1320,285,2324
2650,650,292,863,999,2332
2651,2890,2158,2313,1606,1944
2652,1729,2194,2633,929,1469
2653,2130,1688,2821,1606,1227
2654,806,2608,751,2313,2054
2655,812,130,2497,1294,2332
2656,1049,1246,1410,1421,2894
2657,2683,1613,2675,1417,2158
2658,2633,2172,1266,2328,321
2659,705,629,1315,727,1181
2660,678,176,1351,1319,2145
2661,200,914,2665,1607,300
2662,1843,294,1045,2782,2466
2663,2920,960,2092,2305,2995
2664,41,132,1230,2183,1606
2665,2402,1684,2158,1349,2675
2666,1243,346,378,1872,575
2667,302,2067,1647,988,800
2668,439,989,1313,286,2669
2669,1745,480,2332,999,798
2670,1333,2139,2133,929,1246
2671,1518,717,1052,2561,152
2672,2100,707,2612,2927,179
2673,2791,1326,1462,1339,694
2674,662,2857,739,2341,2686
2675,2952,2122,1684,2665,2158
2676,448,977,1639,2497,2323
2677,664,1258,2771,32,2789
2678,677,646,1616,1266,2475
2679,1365,129,1626,2623,1443
2680,1218,1402,1182,2774,1475
2681,1801,2691,2497,204,2768
2682,2608,1307,2857,2341,2302
2683,1894,1775,2991,988,700
2684,2688,1437,1769,2152,1428
2685,1711,1428,204,1653,2402
2686,2341,1740,1850,2752,2674
2687,1356,2411,1416,83,1010
2688,2684,1769,1405,1437,2046
2689,90,975,2143,148,2940
2690,2299,2791,1226,923,1462
2691,1693,2681,1768,1721,90
2692,129,1348,2732,1119,2433
2693,1237,987,2711,929,1223
2694,1230,2696,132,2547,545
2695,1359,2649,1671,1280,1297
2696,1055,1272,2596,1810,1419
2697,82,1782,487,2258,515
2698,179,2254,2752,2876,2927
2699,1968,1615,2958,2071,1287
2700,1022,1775,1495,729,2238
2701,2681,209,204,274,2728
2702,1366,1513,1421,950,1828
2703,2983,506,1246,513,2592
2704,1632,2421,2686,751,981
2705,1725,1020,585,2516,608
2706,649,1244,1129,1254,50
2707,2288,1469,1294,2185,1120
2708,2341,1810,1497,1702,2682
2709,1590,655,1369,2826,1466
2710,2537,802,627,1305,2471
2711,2194,1043,687,990,1380
2712,275,1656,2592,929,1251
2713,1073,2745,2722,2686,2682
2714,2206,2307,2103,1959,82
2715,1536,997,184,1807,2793
2716,2845,774,2584,1868,405
2717,1993,2693,1235,929,2898
2718,2410,2519,2576,1056,706
2719,1393,767,2428,2254,560
2720,2852,1264,2829,1944,2260
2721,1811,1766,1780,813,1053
2722,1059,2745,95,739,2639
2723,2082,2161,2572,1796,2993
2724,2292,1831,455,2946,1838
2725,1971,206,2690,2461,1863
2726,448,2928,2592,2681,1618
2727,464,735,1375,2248,355
2728,95,914,508,1248,1708
2729,1390,938,1015,979,1561
2730,567,662,2078,1500,2845
2731,1616,300,2817,650,2608
2732,2745,2174,1059,2905,2736
2733,2185,1755,1645,929,1745
2734,1856,844,725,2674,1423
2735,1604,2956,2381,2158,1641
2736,2905,529,1111,2302,1781
2737,2792,336,300,1031,1838
2738,2855,433,2845,2949,2490
2739,1856,1062,2236,232,2874
2740,2494,1714,1428,2871,2302
2741,433,300,1134,130,1564
2742,2358,1842,2105,1388,1230
2743,2633,2328,2913,986,1693
2744,1424,2572,1264,2122,2275
2745,2494,2302,1714,2732,985
2746,250,1315,2647,2218,893
2747,1920,1463,2048,1594,1599
2748,2033,639,98,1285,2883
2749,1775,1294,2117,2829,1265
2750,2584,1868,2409,82,2845
2751,461,468,2041,1738,138
2752,1996,2078,2332,981,662
2753,2829,143,1456,2604,2297
2754,1206,372,1487,1164,2766
2755,2514,198,225,313,549
2756,2914,1947,2531,605,2860
2757,2450,2199,99,2245,2721
2758,1514,664,1124,325,1369
2759,181,2950,642,2655,2463
2760,39,2541,2539,878,1504
2761,1046,1194,504,1127,88
2762,2248,735,1716,355,750
2763,47,543,1799,2372,771
2764,1111,1781,529,438,2353
2765,487,560,2254,767,320
2766,706,358,112,2754,1056
2767,328,1604,691,279,2128
2768,2915,438,2681,1801,2943
2769,2791,2305,2912,1339,1326
2770,2108,2787,1248,2164,1976
2771,2789,664,1258,2248,1143
2772,707,2265,1235,2927,1617
2773,32,1590,1371,2789,1399
2774,309,2721,1486,585,616
2775,2143,2745,2302,1111,985
2776,1914,1048,1749,989,2873
2777,2652,2913,2328,70,1735
2778,1768,2905,2344,2547,2696
2779,2152,2120,800,2327,1428
2780,1695,2451,567,190,709
2781,2067,1264,89,1914,2096
2782,130,2738,2938,231,2144
2783,674,824,598,246,893
2784,1776,1410,463,772,2145
2785,1294,2142,1647,2983,2096
2786,1868,2280,662,2490,863
2787,2074,2770,806,2367,343
2788,1706,2058,1623,1658,505
2789,2771,1258,1773,689,664
2790,2164,1505,187,1915,1729
2791,2673,2299,2769,2383,2690
2792,2737,2845,1617,179,855
2793,2781,2807,1105,2595,184
2794,1841,2092,2829,701,532
2795,2154,109,1842,1307,1005
2796,453,1043,1963,1292,2711
2797,664,1056,695,1367,1450
2798,863,1660,1004,2650,1506
2799,436,555,109,1481,275
2800,2650,1660,2146,292,1434
2801,975,2324,548,87,2681
2802,666,112,2301,63,338
2803,2781,1792,1237,1268,2693
2804,2945,1562,1861,1848,426
2805,2367,1880,529,1313,2205
2806,2915,701,2514,938,2829
2807,1351,1469,1871,2879,2380
2808,343,130,2857,2928,1075
2809,2445,2004,2339,2575,2457
2810,87,1623,2107,1246,152
2811,1704,1237,929,828,75
2812,2864,331,2958,1868,91
2813,482,2372,778,996,1298
2814,2829,87,1072,777,2067
2815,804,2185,2784,2381,1703
2816,2807,1414,2,2524,367
2817,650,506,2238,1616,445
2818,2356,947,431,2286,2631
2819,2950,1312,987,2776,2873
2820,2060,967,728,1285,1165
2821,274,1767,1606,2801,2546
2822,324,534,984,2103,71
2823,657,1129,1641,2629,2265
2824,238,972,1181,705,1315
2825,506,513,2323,2332,2636
2826,1716,1369,664,2248,1450
2827,1948,1890,1562,1144,426
2828,1592,603,2151,1009,686
2829,2720,1294,533,663,1775
2830,972,705,1250,238,1181
2831,935,2707,2685,273,1801
2832,2856,1514,2709,1835,2045
2833,781,300,2288,800,1647
2834,2070,2777,2363,919,1628
2835,2191,2829,2623,891,2423
2836,2175,54,804,506,184
2837,2117,2594,1129,87,1497
2838,2431,1792,855,2144,2611
2839,2323,964,24,1395,107
2840,1368,414,1823,1437,2640
2841,414,35,1014,799,561
2842,1827,2963,1315,2193,1042
2843,2612,15,1015,487,506
2844,872,430,1694,2218,2354
2845,2792,2974,855,872,1047
2846,558,1926,2833,2291,1376
2847,1020,251,2004,1725,615
2848,2302,1253,1772,529,1768
2849,1940,1494,195,2668,1538
2850,1263,2126,1376,2536,2226
2851,2683,1775,1894,2675,143
2852,2720,1264,2096,2297,533
2853,1549,1617,1047,1797,266
2854,999,771,1421,2299,2962
2855,2738,433,1792,567,2084
2856,1467,1486,1128,2578,2634
2857,2197,2682,2295,991,811
2858,1772,2197,438,1742,2691
2859,2078,2280,781,480,300
2860,2343,1085,1533,2876,2914
2861,2852,806,2344,2829,2141
2862,185,691,1729,661,929
2863,1653,1380,990,1944,2665
2864,2958,2992,1978,2812,1976
2865,1745,773,2836,2884,349
2866,2269,1772,2769,2912,594
2867,2900,811,1604,2323,1770
2868,90,1693,2968,1772,2912
2869,941,2213,1841,1294,2067
2870,2324,1742,1714,129,2494
2871,2509,2740,2494,305,2143
2872,1823,1037,140,131,2972
2873,2401,812,2711,1043,2776
2874,297,1421,950,430,2036
2875,2384,2867,1687,2207,987
2876,2845,179,2254,2072,2974
2877,1709,1424,2462,1760,1941
2878,288,131,435,661,128
2879,2807,1906,2793,2595,1351
2880,1826,946,560,767,1371
2881,2130,1264,992,2781,2305
2882,2226,912,84,187,2187
2883,639,1989,98,636,1997
2884,919,2185,432,1745,430
2885,1037,2654,2876,913,487
2886,779,2345,130,93,1772
2887,2759,1668,187,138,2543
2888,1385,2334,1414,1522,1575
2889,1034,2494,2324,1714,1443
2890,981,2313,592,2161,2683
2891,1469,1421,1745,2185,2462
2892,856,1366,2154,482,1828
2893,1252,206,975,1361,209
2894,328,1049,919,1129,329
2895,1016,2245,1128,1466,1685
2896,1598,339,2374,381,1188
2897,1921,2779,812,1769,1914
2898,1767,1284,2629,274,700
2899,2912,1698,1708,2769,1158
2900,1294,2829,1778,1875,991
2901,2740,1714,1497,2494,95
2902,840,2466,687,2398,113
2903,2155,719,2106,1251,526
2904,1367,1514,1590,2553,1369
2905,2736,529,806,2302,1749
2906,1881,2532,2982,2222,1948
2907,2462,1294,1717,2332,938
2908,2924,1432,1305,1782,2055
2909,292,650,2078,2108,997
2910,1813,1590,2581,2757,703
2911,1290,2605,2637,681,1341
2912,2092,1075,609,2205,529
2913,2328,2652,2777,2155,2172
2914,1947,380,1480,2009,1811
2915,2768,199,701,2940,2829
2916,2,597,1543,2328,2777
2917,1648,220,2388,1164,372
2918,145,328,1522,2656,1439
2919,1111,2268,1772,1071,50
2920,1879,1462,1764,144,1483
2921,1534,1599,1178,2809,1716
2922,130,2782,2855,93,468
2923,766,293,2962,1401,2636
2924,1305,2908,2367,2769,1196
2925,405,2716,2144,2946,2855
2926,2332,2288,1647,152,2100
2927,1617,1495,707,1417,1894
2928,2514,1693,2681,1778,1247
2929,1641,1129,1793,1329,1049
2930,1856,1111,2444,567,844
2931,1225,473,144,1883,831
2932,2900,1875,2288,803,991
2933,2465,2945,426,2571,853
2934,1447,2805,2440,2204,2461
2935,2027,380,1188,878,2914
2936,1669,2974,179,2752,2985
2937,959,787,2759,2108,1428
2938,1933,872,1694,487,2974
2939,2829,2675,2952,991,1349
2940,2295,2915,148,199,90
2941,591,2432,2278,255,2365
2942,1297,2351,1225,1172,543
2943,800,1410,438,701,2915
2944,2681,1649,1710,2811,1286
2945,2804,1896,2933,426,2222
2946,2561,1831,2292,1162,1838
2947,2429,342,1553,2522,1309
2948,662,1996,2752,2421,2078
2949,2078,433,1617,981,663
2950,2759,2390,1347,1549,642
2951,1067,2395,1922,2775,2745
2952,2675,2665,2260,1647,1281
2953,1480,842,1782,2860,1864
2954,128,1461,288,2599,531
2955,2107,2652,2633,2819,1711
2956,1129,1244,2735,329,1071
2957,1577,2222,1948,2571,2500
2958,2864,2992,1978,1075,1921
2959,2303,368,2469,2222,1173
2960,2804,2933,2574,1861,1562
2961,1244,279,1266,2590,2610
2962,1424,2854,991,1858,2606
2963,1181,629,1516,2336,1250
2964,90,1698,2681,1693,2691
2965,1263,977,448,1043,2711
2966,2845,2519,1804,722,2716
2967,2876,1565,2998,1669,1782
2968,2497,1448,529,2912,1693
2969,1191,1573,2002,2574,1167
2970,2122,2483,720,1760,2142
2971,1396,2391,2048,2575,1188
2972,2872,1037,2208,2393,2194
2973,812,2165,1428,568,2937
2974,2845,2792,1024,872,2669
2975,574,1749,529,1134,1772
2976,75,1915,1385,323,989
2977,2078,662,433,2876,781
2978,20,2100,918,2716,179
2979,190,154,1092,306,1317
2980,2166,1058,562,251,2847
2981,2373,1994,1748,2477,2493
2982,2303,2222,65,2469,1930
2983,2140,1246,1294,1645,300
2984,1683,1712,2259,98,518
2985,893,1831,2936,1509,2561
2986,2381,233,1653,1841,1878
2987,2397,629,1516,2647,2336
2988,2793,2879,2999,2345,2807
2989,2776,1062,989,1669,2065
2990,1220,2416,1577,118,2557
2991,2683,1775,663,2260,143
2992,2864,2958,2315,2676,1287
2993,2907,2462,2378,2122,1047
2994,1086,1421,2332,2669,800
2995,2608,1264,2720,1684,2665
2996,2519,2144,855,266,2792
2997,1290,2271,1688,743,1280
2998,67,1782,2576,1565,1660
2999,1801,1776,1469,2497,1421
